-7.186017990112304688e+00 3.677632570266723633e+00 -9.582484245300292969e+00 -1.247881507873535156e+01 8.507606506347656250e+00 2.215770721435546875e+00 9.029447555541992188e+00 5.562080383300781250e+00 -5.066291332244873047e+00 -9.166586875915527344e+00 -1.104155635833740234e+01 -9.326090216636657715e-01 -1.200801467895507812e+01 -7.018720507621765137e-01 -9.264048576354980469e+00 -5.548120498657226562e+00 -6.310324072837829590e-01 -1.754613494873046875e+01 -8.547024726867675781e+00
6.086768150329589844e+00 5.126047134399414062e-01 -1.528410339355468750e+01 -1.817019653320312500e+01 -1.831287956237792969e+01 -1.081885910034179688e+01 1.895116615295410156e+01 2.225622653961181641e+00 2.424964141845703125e+01 -1.616117000579833984e+00 -2.235728454589843750e+01 -1.152485656738281250e+01 2.802183341979980469e+01 -1.111447334289550781e+01 1.549398612976074219e+01 6.769435405731201172e+00 -6.087583541870117188e+00 -1.038669300079345703e+01 -1.384997749328613281e+01
1.380335330963134766e+01 -7.862450122833251953e+00 1.154163265228271484e+01 -1.076589012145996094e+01 1.985537111759185791e-01 -7.880148887634277344e+00 -4.805916786193847656e+00 5.569863319396972656e+00 -1.549018383026123047e+01 -1.025213146209716797e+01 8.131430625915527344e+00 -1.449532699584960938e+01 -1.411258697509765625e+01 8.874082565307617188e+00 -9.750378608703613281e+00 -1.166012191772460938e+01 1.138326454162597656e+01 -2.157431411743164062e+01 2.397512435913085938e+00
7.543090820312500000e+00 -6.200194835662841797e+00 4.307047843933105469e+00 -8.178418159484863281e+00 -7.769549369812011719e+00 -6.462811946868896484e+00 -6.280534744262695312e+00 4.422460496425628662e-02 -1.235421943664550781e+01 -9.142660140991210938e+00 -8.790280222892761230e-01 -1.537383174896240234e+01 -1.169710254669189453e+01 -1.880031585693359375e+00 -8.604189008474349976e-02 -1.162996196746826172e+01 2.619053840637207031e+00 -2.041448974609375000e+01 -4.553982615470886230e-01
8.522895812988281250e+00 1.643558692932128906e+01 -8.615446686744689941e-01 -1.080119895935058594e+01 -9.440743446350097656e+00 -1.434032618999481201e-01 1.907221436500549316e+00 2.109869718551635742e+00 7.659615516662597656e+00 -1.209271049499511719e+01 -1.962121772766113281e+01 -2.435514450073242188e+01 7.669126987457275391e+00 -1.127705192565917969e+01 1.448367118835449219e+01 -5.561180591583251953e+00 -1.451706647872924805e+00 -2.339983367919921875e+01 -1.369187831878662109e+01
2.374664878845214844e+01 1.185272216796875000e+01 3.478219509124755859e+00 -3.384211349487304688e+01 4.047305679321289062e+01 -1.351645946502685547e+00 1.677193641662597656e+01 2.968745529651641846e-01 1.009451150894165039e+00 -7.236057758331298828e+00 -1.035178279876708984e+01 -6.805449008941650391e+00 6.646710395812988281e+00 2.596045303344726562e+01 -2.602880287170410156e+01 2.123020172119140625e+01 3.636412811279296875e+01 -1.914338493347167969e+01 -2.657685279846191406e+00
8.412588119506835938e+00 5.983345210552215576e-02 -3.879011154174804688e+00 -5.509943366050720215e-01 2.361890316009521484e+00 1.324155926704406738e+00 -2.893820524215698242e+00 -2.534994125366210938e+00 -1.557444953918457031e+01 -1.386371421813964844e+01 1.575366210937500000e+01 -1.541802120208740234e+01 -4.490196704864501953e+00 7.960379123687744141e+00 4.983565330505371094e+00 -1.304749965667724609e+01 -1.178352355957031250e+00 -9.073863029479980469e+00 1.168243169784545898e+00
1.013628005981445312e+01 5.083500862121582031e+00 -1.948086619377136230e+00 -2.651373863220214844e+01 1.765971660614013672e+00 4.197335720062255859e+00 2.982641220092773438e+01 2.009624671936035156e+01 2.336574935913085938e+01 -1.163732147216796875e+01 -1.726429748535156250e+01 -1.152741050720214844e+01 2.881510734558105469e+01 9.730121612548828125e+00 -9.362572669982910156e+00 1.253973674774169922e+01 5.157310962677001953e+00 -9.593715667724609375e+00 -2.135056686401367188e+01
4.375036716461181641e+00 1.702301406860351562e+01 -3.067251777648925781e+01 -6.717634201049804688e+00 2.514423751831054688e+01 9.720947265625000000e+00 1.649284553527832031e+01 -1.327618503570556641e+01 -1.496265220642089844e+01 -1.632445716857910156e+01 1.471985149383544922e+01 -1.011748504638671875e+01 5.735852241516113281e+00 2.186404800415039062e+01 1.523897838592529297e+01 -1.425788593292236328e+01 -7.360237598419189453e+00 -4.874519348144531250e+00 1.360598683357238770e+00
3.154315710067749023e+00 8.523872375488281250e+00 2.306118011474609375e+00 -2.088977050781250000e+01 1.098828411102294922e+01 1.480072402954101562e+01 1.428165626525878906e+01 6.644928455352783203e+00 -2.108665227890014648e+00 -1.380071449279785156e+01 -1.835954284667968750e+01 -1.220262432098388672e+01 1.851341128349304199e+00 1.235532760620117188e+01 -9.749542236328125000e+00 -7.410158514976501465e-01 2.550704479217529297e+00 -1.496923351287841797e+01 -1.208870029449462891e+01
6.174969673156738281e+00 2.423464584350585938e+01 1.757725906372070312e+01 -7.459789752960205078e+00 1.542858505249023438e+01 2.091480827331542969e+01 -4.901802062988281250e+00 9.566387176513671875e+00 -1.397030925750732422e+01 -2.196484375000000000e+01 -9.362189292907714844e+00 -2.336685943603515625e+01 -1.564672565460205078e+01 8.227319717407226562e+00 -8.085917472839355469e+00 -1.272969150543212891e+01 6.905857563018798828e+00 -2.458462905883789062e+01 -1.150003910064697266e+01
1.293442535400390625e+01 -2.672098398208618164e+00 -6.890486717224121094e+00 -1.016303920745849609e+01 8.802510261535644531e+00 -9.228996276855468750e+00 1.349024176597595215e+00 2.131113767623901367e+00 -1.841344642639160156e+01 -1.675317573547363281e+01 1.819603347778320312e+01 -1.562888813018798828e+01 -1.167057991027832031e+01 1.081919097900390625e+01 -4.043268203735351562e+00 -1.482812786102294922e+01 8.193181991577148438e+00 -2.298601341247558594e+01 1.120712161064147949e+00
4.675490188598632812e+01 -8.646373152732849121e-01 2.113960647583007812e+01 -3.868511581420898438e+01 3.374528884887695312e+01 -1.778873062133789062e+01 1.209892463684082031e+01 3.899256229400634766e+00 -7.305435657501220703e+00 -6.500065326690673828e+00 9.840705871582031250e+00 -1.737927818298339844e+01 5.595035552978515625e+00 4.236847305297851562e+01 -2.694756126403808594e+01 1.017996501922607422e+01 4.928586196899414062e+01 -2.786701583862304688e+01 1.004592418670654297e+01
3.931405544281005859e+00 6.457201004028320312e+00 -1.835489082336425781e+01 -8.781654357910156250e+00 3.128652334213256836e+00 1.073106169700622559e+00 2.928558111190795898e+00 -1.103215885162353516e+01 -1.153176116943359375e+01 -1.419500541687011719e+01 -2.184947967529296875e+00 -1.709582328796386719e+01 -1.375460505485534668e+00 -1.252219676971435547e-01 1.298516941070556641e+01 -1.039961242675781250e+01 -5.471256732940673828e+00 -1.633728027343750000e+01 -3.527186393737792969e+00
8.680067062377929688e+00 1.470906543731689453e+01 -2.751317024230957031e+01 1.865842819213867188e+00 8.958796501159667969e+00 7.802730083465576172e+00 3.383192062377929688e+00 -2.338536071777343750e+01 -8.038836479187011719e+00 -1.261155796051025391e+01 1.070048999786376953e+01 -1.827039146423339844e+01 1.781732940673828125e+01 6.015635967254638672e+00 2.897971153259277344e+01 -4.241481304168701172e+00 -9.826424598693847656e+00 3.533994674682617188e+00 1.137472510337829590e+00
6.532618045806884766e+00 1.182474613189697266e+01 -1.549355316162109375e+01 -7.355013847351074219e+00 2.000432205200195312e+01 8.087324142456054688e+00 7.803937435150146484e+00 -5.708081722259521484e+00 -6.762807369232177734e+00 -1.499114418029785156e+01 6.301430225372314453e+00 -1.109842491149902344e+01 6.106215000152587891e+00 9.952105522155761719e+00 9.750898480415344238e-01 2.338227748870849609e+00 3.784647464752197266e+00 -5.342967033386230469e+00 -5.215900421142578125e+00
3.592141389846801758e+00 5.195553302764892578e+00 -6.587705135345458984e+00 -5.291171550750732422e+00 4.253434658050537109e+00 4.970645427703857422e+00 9.435383796691894531e+00 1.336617708206176758e+00 3.140856027603149414e+00 -6.716176033020019531e+00 5.566232204437255859e-01 -6.140264034271240234e+00 1.082509613037109375e+01 6.263078689575195312e+00 3.071662425994873047e+00 8.430811762809753418e-01 -1.861833691596984863e+00 -1.476901769638061523e-01 -5.287467956542968750e+00
1.276759433746337891e+01 9.643378257751464844e+00 -1.843886613845825195e+00 -2.009943008422851562e+01 1.341728401184082031e+01 9.909847259521484375e+00 1.771690940856933594e+01 6.683189868927001953e+00 7.669390678405761719e+00 -1.428261852264404297e+01 -8.696948051452636719e+00 -1.499560546875000000e+01 1.927015876770019531e+01 1.379580020904541016e+01 -7.167736053466796875e+00 1.079428577423095703e+01 8.841244697570800781e+00 -7.755843639373779297e+00 -1.345840549468994141e+01
7.792843341827392578e+00 -1.037803173065185547e+01 4.560478210449218750e+00 -2.994634819030761719e+01 -1.889474487304687500e+01 -2.971586227416992188e+00 2.282077789306640625e+01 3.192070388793945312e+01 -3.159606456756591797e+00 -2.658767509460449219e+01 -8.358798980712890625e+00 -2.678367424011230469e+01 -3.433249473571777344e+00 9.760946273803710938e+00 -9.854382514953613281e+00 -2.683783340454101562e+01 -6.733898162841796875e+00 -3.963017654418945312e+01 -2.064132690429687500e+01
6.893293380737304688e+00 -7.043568611145019531e+00 -2.315845489501953125e+00 -1.469737815856933594e+01 -1.576800632476806641e+01 -9.514033317565917969e+00 2.067283630371093750e+01 2.251811027526855469e+01 1.821903800964355469e+01 -7.891124248504638672e+00 -2.048293590545654297e+00 -8.799528121948242188e+00 1.864438438415527344e+01 9.682031869888305664e-01 -2.200760364532470703e+00 -1.803160786628723145e+00 -2.527415275573730469e+00 -1.056349086761474609e+01 -1.468559932708740234e+01
