-3.474615097045898438e+01 -2.476862668991088867e+00 3.755051422119140625e+01 1.780007362365722656e+01 -1.689993858337402344e+01 1.666350746154785156e+01
3.008315563201904297e+00 4.500291347503662109e+00 7.634203433990478516e+00 -1.285939216613769531e+00 8.380211830139160156e+00 5.666900157928466797e+00
-3.318688201904296875e+01 -2.794977569580078125e+01 -1.041739583015441895e+00 -9.163455963134765625e+00 -2.270670509338378906e+01 -6.047925949096679688e+01
-2.120560073852539062e+01 -1.821052169799804688e+01 1.439043235778808594e+01 2.237266921997070312e+01 -8.008292198181152344e+00 3.095992326736450195e+00
1.847708821296691895e+00 1.641838836669921875e+01 -7.966551780700683594e-01 -3.872047662734985352e+00 -4.258110046386718750e+00 6.490894794464111328e+00
-8.070796012878417969e+00 -5.581723690032958984e+00 5.351654052734375000e+00 -3.854259109497070312e+01 -7.983779430389404297e+00 -3.886077117919921875e+01
1.322555184364318848e+00 1.009631252288818359e+01 8.691975593566894531e+00 1.283749198913574219e+01 -1.352718353271484375e+01 -9.434823989868164062e+00
-1.055089473724365234e+01 1.455869960784912109e+01 1.693961715698242188e+01 5.581329345703125000e+00 3.799126863479614258e+00 1.836417770385742188e+01
-2.698876190185546875e+01 -1.491629123687744141e+01 9.037474632263183594e+00 9.158103942871093750e+00 2.223302364349365234e+00 -5.890875339508056641e+00
-2.120690917968750000e+01 -1.124763107299804688e+01 6.678816318511962891e+00 3.138860225677490234e+00 -4.957829475402832031e+00 7.884815216064453125e+00
-1.068254566192626953e+01 -2.763886451721191406e+00 1.284916591644287109e+01 2.148709678649902344e+01 -1.451973533630371094e+01 4.024247646331787109e+00
-3.124059486389160156e+01 -1.109018898010253906e+01 2.544210052490234375e+01 9.006537437438964844e+00 -4.629879474639892578e+00 -3.005246925354003906e+01
1.574165916442871094e+01 9.958218574523925781e+00 -9.884083271026611328e-01 -9.941684722900390625e+00 -3.993600368499755859e+00 -1.433327388763427734e+01
-1.326916408538818359e+01 -6.262038230895996094e+00 7.666778564453125000e+00 8.870138168334960938e+00 -4.157013893127441406e+00 -8.853047370910644531e+00
-1.763776779174804688e+01 -1.705066108703613281e+01 1.233460158109664917e-01 6.160995960235595703e+00 -3.710639476776123047e+00 -1.404860401153564453e+01
-2.932519912719726562e+00 4.395612716674804688e+00 1.811162757873535156e+01 -1.512616825103759766e+01 8.534572601318359375e+00 -7.441854476928710938e+00
8.799927830696105957e-01 1.599878430366516113e+00 -1.966838240623474121e+00 -1.185003948211669922e+01 1.706813216209411621e+00 -2.340261220932006836e+00
-1.089448356628417969e+01 -1.514953494071960449e+00 1.594871616363525391e+01 2.087963581085205078e+00 1.387985515594482422e+01 1.186131668090820312e+01
3.780781745910644531e+00 2.221024131774902344e+01 9.541004180908203125e+00 1.299395084381103516e+01 -9.941260337829589844e+00 1.502654743194580078e+01
-3.817915678024291992e+00 6.906440734863281250e+00 8.865021467208862305e-01 -1.720876884460449219e+01 1.285124111175537109e+01 5.377337932586669922e+00
