-8.465369224548339844e+00 -9.711012840270996094e+00
-1.091344070434570312e+02 2.288716316223144531e+01
-2.030261421203613281e+01 4.871315002441406250e+01
-1.777376747131347656e+01 2.716857910156250000e+01
-8.420688629150390625e+01 -2.094106674194335938e+01
2.704935264587402344e+01 6.647882843017578125e+01
4.966405391693115234e+00 -3.117182254791259766e+00
-9.099902343750000000e+01 -4.150875091552734375e+01
-2.139482307434082031e+01 1.818583488464355469e+01
-8.739896392822265625e+01 -6.421463775634765625e+01
-8.922525024414062500e+01 -9.367751121520996094e+00
2.606300830841064453e+00 5.611364364624023438e+01
1.111760711669921875e+01 1.178748607635498047e+01
-1.829033660888671875e+01 1.365669822692871094e+01
1.347550392150878906e+01 1.892516314983367920e-01
9.741513252258300781e+00 1.917385482788085938e+01
2.865567684173583984e+00 1.706674098968505859e+00
-1.193527889251708984e+01 -4.332584762573242188e+01
-6.876236724853515625e+01 3.511688232421875000e+01
2.046908187866210938e+01 -2.680453681945800781e+01
