-5.919411182403564453e+00 2.316865772008895874e-01 6.525210380554199219e+00 -2.084389448165893555e+00 2.797891855239868164e+00 3.460919857025146484e+00 1.473780512809753418e+00 -7.001405715942382812e+00 2.052659988403320312e+00 9.600113630294799805e-01 -4.258601665496826172e+00 4.022011756896972656e+00 1.187176585197448730e+00 -1.856045842170715332e+00 -1.985976696014404297e+00 -6.338398456573486328e+00
2.100758314132690430e+00 1.096835994720458984e+01 7.167208671569824219e+00 8.843846619129180908e-02 -1.419670391082763672e+01 3.433580398559570312e+00 2.892429351806640625e+00 6.029351234436035156e+00 2.894018650054931641e+00 -1.067652130126953125e+01 -1.048155689239501953e+01 -7.218620300292968750e+00 -5.174559593200683594e+00 -2.918683290481567383e+00 -4.115771293640136719e+00 3.199887514114379883e+00
2.615973949432373047e+00 1.703749275207519531e+01 -1.220166492462158203e+01 -9.024193882942199707e-01 1.112069416046142578e+01 2.786586523056030273e+00 -1.388848686218261719e+01 2.378648567199707031e+01 1.938854217529296875e+01 -1.961048698425292969e+01 -1.152327060699462891e+01 -4.277889251708984375e+00 8.313941955566406250e+00 3.980468273162841797e+00 3.236819028854370117e+00 4.005155086517333984e+00
-1.848351716995239258e+00 8.422607421875000000e+00 -3.016884803771972656e+00 -1.898928761482238770e+00 1.604488372802734375e+01 1.243704319000244141e+00 -4.069905281066894531e+00 4.944859504699707031e+00 1.250704765319824219e+01 -2.654849290847778320e+00 -1.141366004943847656e+01 9.714605331420898438e+00 1.015506935119628906e+01 -3.794645309448242188e+00 -1.221050262451171875e+00 -3.490826845169067383e+00
2.171278476715087891e+00 7.073014736175537109e+00 7.175288677215576172e+00 1.123574161529541016e+01 -7.558886051177978516e+00 8.070883750915527344e+00 5.023441314697265625e+00 -1.497876882553100586e+00 -2.188939094543457031e+00 4.663341522216796875e+00 -7.420264244079589844e+00 -2.869806766510009766e+00 1.174859762191772461e+00 -1.065664672851562500e+01 -1.649839782714843750e+01 3.988273620605468750e+00
-1.106883430480957031e+01 6.540535926818847656e+00 1.150287914276123047e+01 -1.046728706359863281e+01 -4.512539863586425781e+00 1.017975687980651855e+00 7.801521778106689453e+00 -2.882138490676879883e-01 8.409086465835571289e-01 -1.282825469970703125e+01 -2.038558006286621094e+00 -8.776506423950195312e+00 -8.265311717987060547e-01 -3.245662450790405273e+00 6.386291980743408203e+00 -5.535757541656494141e+00
4.152220726013183594e+00 6.003230094909667969e+00 3.816359043121337891e+00 -2.732621908187866211e+00 -2.723280191421508789e+00 9.926338195800781250e+00 -2.718693733215332031e+00 -3.159347057342529297e+00 -8.682033419609069824e-02 -8.375067114830017090e-01 -8.341639518737792969e+00 4.523345530033111572e-01 5.555250167846679688e+00 2.802715539932250977e+00 -1.042790126800537109e+01 7.114657402038574219e+00
1.631810963153839111e-01 8.247515678405761719e+00 5.365998268127441406e+00 2.122356605529785156e+01 -1.498088741302490234e+01 -5.048878669738769531e+00 1.280906295776367188e+01 1.291993904113769531e+01 -2.894186258316040039e+00 -1.144439578056335449e+00 -2.005064964294433594e+00 -9.399035453796386719e+00 -1.368691539764404297e+01 -1.757181358337402344e+01 -4.134565353393554688e+00 6.535732150077819824e-01
-2.221704959869384766e+00 -7.818464040756225586e-01 -2.218263864517211914e+00 3.295407533645629883e+00 7.294238090515136719e+00 4.994320869445800781e+00 -3.791293382644653320e+00 -3.936798572540283203e-01 1.116334795951843262e+00 1.669847488403320312e+00 1.380911946296691895e+00 1.081214189529418945e+00 2.394923210144042969e+00 2.339698791503906250e+00 -4.870138466358184814e-01 3.839923068881034851e-02
-8.275392532348632812e+00 1.847806572914123535e+00 8.690843582153320312e+00 5.574010372161865234e+00 -3.480104684829711914e+00 -4.709337711334228516e+00 5.244775295257568359e+00 -3.339275360107421875e+00 -9.501705765724182129e-01 2.146340370178222656e+00 -6.046307086944580078e-01 -2.629151821136474609e+00 2.497389793395996094e+00 -1.121603679656982422e+01 -1.215965270996093750e+01 -1.059534740447998047e+01
2.606840848922729492e+00 3.761017799377441406e+00 -4.771797657012939453e-01 5.665885925292968750e+00 -7.646386146545410156e+00 -5.998217582702636719e+00 1.192572474479675293e+00 6.749437332153320312e+00 -3.699984788894653320e+00 -1.224458694458007812e+00 2.399256706237792969e+00 -7.510309696197509766e+00 1.634321808815002441e+00 -4.653569698333740234e+00 -9.682774543762207031e+00 2.621499300003051758e+00
2.940972089767456055e+00 1.157442188262939453e+01 2.323072195053100586e+00 -4.837286472320556641e+00 -9.615365982055664062e+00 8.236595153808593750e+00 -6.331715106964111328e+00 7.473420143127441406e+00 5.907751560211181641e+00 -1.516747093200683594e+01 -9.622038841247558594e+00 -9.686453819274902344e+00 9.609686136245727539e-01 5.894420623779296875e+00 -4.854210853576660156e+00 6.005215167999267578e+00
-1.427742242813110352e+00 1.576747226715087891e+01 5.234783172607421875e+00 -1.396208763122558594e+01 -2.165073871612548828e+00 -1.115670490264892578e+01 3.722419261932373047e+00 9.484884262084960938e+00 1.772030258178710938e+01 -1.678678512573242188e+01 -2.063107299804687500e+01 4.737775325775146484e+00 3.242829561233520508e+00 -1.021191883087158203e+01 3.013565301895141602e+00 -9.885850906372070312e+00
-3.240890026092529297e+00 -1.654631376266479492e+00 1.865458488464355469e+00 1.524379014968872070e+00 7.048598766326904297e+00 4.974124908447265625e+00 -7.010044455528259277e-01 -5.935025691986083984e+00 -1.043414622545242310e-01 5.084078788757324219e+00 -8.214805126190185547e-01 4.921218395233154297e+00 3.208662271499633789e+00 -1.463775485754013062e-01 -2.826465606689453125e+00 -2.062061071395874023e+00
1.839728832244873047e+00 4.164954662322998047e+00 -3.676155328750610352e+00 2.500844955444335938e+00 8.863868713378906250e+00 9.264458656311035156e+00 -6.877533912658691406e+00 1.926451086997985840e+00 3.170896530151367188e+00 4.654817581176757812e-01 -3.864208221435546875e+00 2.128845930099487305e+00 7.373836994171142578e+00 3.740725755691528320e+00 -5.487864017486572266e+00 5.534730911254882812e+00
-5.118738174438476562e+00 3.542128324508666992e+00 1.736916422843933105e+00 -1.704438805580139160e+00 -1.346004247665405273e+00 1.276607394218444824e+00 -2.592853307723999023e+00 3.903413772583007812e+00 5.837874889373779297e+00 -9.459811210632324219e+00 -2.354468345642089844e+00 -4.898581504821777344e+00 -2.500100612640380859e+00 1.597240328788757324e+00 3.613735914230346680e+00 -4.928069591522216797e+00
-6.294332504272460938e+00 4.453649997711181641e+00 8.072150230407714844e+00 -6.562582015991210938e+00 -7.379297733306884766e+00 -1.952029943466186523e+00 2.381977558135986328e+00 -9.454541653394699097e-02 5.819952487945556641e+00 -1.057105636596679688e+01 -6.388774871826171875e+00 -3.542057514190673828e+00 -4.331470012664794922e+00 -2.077024698257446289e+00 2.884531021118164062e+00 -8.796829223632812500e+00
-4.815886020660400391e+00 5.447978019714355469e+00 8.800502777099609375e+00 6.759409427642822266e+00 -1.149516201019287109e+01 -1.480515003204345703e+00 8.362998962402343750e+00 2.280128717422485352e+00 3.208693981170654297e+00 -4.588680267333984375e+00 -5.490282535552978516e+00 -6.367942333221435547e+00 -8.168429374694824219e+00 -1.270861148834228516e+01 -2.312825679779052734e+00 -7.400177955627441406e+00
1.913001823425292969e+01 9.159411430358886719e+00 -3.698585033416748047e+00 6.374376773834228516e+00 -2.831784629821777344e+01 7.398736953735351562e+00 -1.446350455284118652e+00 5.182376861572265625e+00 4.335451722145080566e-01 -2.315469741821289062e+00 -4.535238742828369141e+00 -2.346903038024902344e+01 6.726872444152832031e+00 -1.332439422607421875e+01 -2.684492301940917969e+01 1.521646118164062500e+01
4.774403095245361328e+00 9.516194462776184082e-01 2.361293315887451172e+00 1.189453792572021484e+01 -9.571615219116210938e+00 1.188849639892578125e+01 7.413459777832031250e+00 -4.228102684020996094e+00 3.839087247848510742e+00 6.020943641662597656e+00 -5.852559566497802734e+00 -4.705644607543945312e+00 -7.395362854003906250e+00 -1.563926792144775391e+01 -3.080794572830200195e+00 1.817597627639770508e+00
