-2.034487342834472656e+01 -1.252731037139892578e+01 -1.522834682464599609e+01 -4.120574474334716797e+00 -1.406892091035842896e-01 7.591868877410888672e+00 2.815611839294433594e+01 1.051925468444824219e+01 -1.018425083160400391e+01 9.827756881713867188e+00 1.444823360443115234e+01 -3.316665267944335938e+01 8.764638900756835938e+00
-2.376738929748535156e+01 1.578290367126464844e+01 -7.248692512512207031e+00 3.624917984008789062e+00 -5.635406017303466797e+00 -1.293860530853271484e+01 2.136111831665039062e+01 -6.618580818176269531e+00 -9.864303588867187500e+00 3.008579492568969727e+00 1.095734977722167969e+01 -9.647706985473632812e+00 -3.537520885467529297e+00
-1.254608035087585449e+00 7.925587654113769531e+00 -2.774159193038940430e+00 2.032455921173095703e+00 -5.502091646194458008e-01 -5.840352058410644531e+00 -1.444128453731536865e-01 -1.282718276977539062e+01 -1.879685521125793457e+00 7.835383892059326172e+00 -4.867046356201171875e+00 6.323804855346679688e+00 6.488729953765869141e+00
4.888623714447021484e+00 3.205313384532928467e-01 3.804359197616577148e+00 2.575991749763488770e-01 -5.519968986511230469e+00 -5.878766626119613647e-02 -2.213672161102294922e+00 -9.661954879760742188e+00 5.610324859619140625e+00 7.934696674346923828e+00 -1.682593822479248047e+00 4.751806259155273438e+00 3.334733247756958008e+00
-2.228271102905273438e+01 -2.859840393066406250e+01 1.022497653961181641e+00 1.569104099273681641e+01 2.414216995239257812e+01 2.562551689147949219e+01 2.001165771484375000e+01 4.537877655029296875e+01 -9.607913017272949219e+00 2.454416513442993164e+00 4.698459625244140625e+01 -1.666392517089843750e+01 1.193991565704345703e+01
-2.759697914123535156e+01 2.136717987060546875e+01 -1.727906942367553711e+00 2.063736343383789062e+01 2.380565643310546875e+01 -6.903593063354492188e+00 -1.253628158569335938e+01 5.761395931243896484e+00 1.715091466903686523e-01 6.600987911224365234e+00 1.252677822113037109e+01 4.263777160644531250e+01 2.673628044128417969e+01
-8.181365013122558594e+00 3.742372035980224609e+00 2.667817354202270508e+00 4.526386260986328125e+00 9.508558273315429688e+00 1.116139411926269531e+00 5.809445858001708984e+00 -3.165361881256103516e+00 7.930050373077392578e+00 6.155087947845458984e-01 -1.027776896953582764e-01 -5.178397655487060547e+00 3.400560855865478516e+00
-5.799792861938476562e+01 -3.290813064575195312e+01 -3.185057640075683594e+01 9.728362083435058594e+00 2.109241104125976562e+01 1.963849449157714844e+01 8.501143646240234375e+01 5.039270782470703125e+01 -5.135696029663085938e+01 7.101864337921142578e+00 6.654661560058593750e+01 -9.002082061767578125e+01 3.080543279647827148e+00
1.404500365257263184e+00 -1.912608623504638672e+00 5.369441509246826172e+00 1.562287688255310059e+00 1.889516353607177734e+00 1.464310050010681152e+00 -1.282738566398620605e+00 -5.221484661102294922e+00 6.648644924163818359e+00 2.168764352798461914e+00 -5.065725803375244141e+00 -5.594205856323242188e-01 3.793962717056274414e+00
-2.021206474304199219e+01 -3.108614158630371094e+01 -5.830224514007568359e+00 5.942893505096435547e+00 1.462827396392822266e+01 2.590851593017578125e+01 2.265960502624511719e+01 3.499028778076171875e+01 -5.031062602996826172e+00 1.117923641204833984e+01 3.553580093383789062e+01 -2.574437141418457031e+01 1.808451652526855469e+01
-3.431875610351562500e+01 1.986361312866210938e+01 -1.774389648437500000e+01 1.435288619995117188e+01 1.659339332580566406e+01 -1.584834384918212891e+01 2.902041625976562500e+01 2.333499908447265625e+00 -3.336616516113281250e+01 -1.099271655082702637e+00 1.789027214050292969e+01 -1.151050662994384766e+01 1.219673633575439453e+00
-5.439276218414306641e+00 1.072480678558349609e+01 -2.228355169296264648e+00 3.504390478134155273e+00 3.889854550361633301e-01 3.784237384796142578e+00 4.464394092559814453e+00 -1.089568138122558594e+01 1.653199386596679688e+01 1.878669738769531250e+01 1.385732269287109375e+01 9.208201408386230469e+00 8.876624107360839844e+00
-6.129603862762451172e+00 6.233619213104248047e+00 7.454470396041870117e-01 3.396209478378295898e+00 2.313911199569702148e+00 -4.226972579956054688e+00 1.315157771110534668e+00 2.557982683181762695e+00 -3.266799926757812500e+00 -4.870931148529052734e+00 4.313660144805908203e+00 3.387544631958007812e+00 -3.650543689727783203e+00
-1.503796935081481934e+00 3.548423647880554199e-01 -1.609573006629943848e+00 -3.511512994766235352e+00 -2.041241228580474854e-01 -3.938190937042236328e-01 4.786182403564453125e+00 -4.976371765136718750e+00 -4.523366093635559082e-01 1.582759380340576172e+00 -2.045449972152709961e+00 -4.124189853668212891e+00 1.859437942504882812e+00
-3.751346349716186523e+00 -8.779427528381347656e+00 1.988405346870422363e+00 2.922165155410766602e+00 8.639808654785156250e+00 8.468990325927734375e+00 1.129168987274169922e+01 -2.176568746566772461e+00 6.350344181060791016e+00 7.195303440093994141e+00 1.449889421463012695e+00 -1.670013046264648438e+01 7.701054096221923828e+00
-2.463168716430664062e+01 1.197845745086669922e+01 -7.094777107238769531e+00 2.018428802490234375e+00 1.626930713653564453e+00 -5.296047687530517578e+00 2.541404485702514648e+00 2.226994037628173828e+00 4.239573955535888672e+00 5.020641326904296875e+00 5.095261096954345703e+00 9.492051124572753906e+00 1.362310600280761719e+01
-2.518037414550781250e+01 1.609030914306640625e+01 -1.439014625549316406e+01 -4.142383575439453125e+00 -6.100076198577880859e+00 -1.237762069702148438e+01 1.421609687805175781e+01 -7.261421680450439453e+00 -4.284763813018798828e+00 4.030082225799560547e+00 -1.707685589790344238e+00 -7.215418815612792969e+00 5.463119029998779297e+00
-4.403128051757812500e+01 -1.938743400573730469e+01 -3.443555450439453125e+01 -3.737590789794921875e+00 3.316105604171752930e+00 7.137368679046630859e+00 7.230513000488281250e+01 2.113582801818847656e+01 -4.083714675903320312e+01 1.078164005279541016e+01 3.495979309082031250e+01 -8.200127410888671875e+01 1.688664913177490234e+00
-3.536440658569335938e+01 6.072674274444580078e+00 -5.044145584106445312e+00 1.714469718933105469e+01 1.784097671508789062e+01 -4.018959522247314453e+00 2.952394485473632812e+01 2.854564094543457031e+01 -2.666760063171386719e+01 -1.395026779174804688e+01 3.851311874389648438e+01 -1.589625358581542969e+01 -1.109419631958007812e+01
-8.818731307983398438e+00 3.731515169143676758e+00 7.870784997940063477e-01 6.433537483215332031e+00 6.213843345642089844e+00 -2.409270763397216797e+00 5.752567291259765625e+00 8.288064956665039062e+00 -7.815158843994140625e+00 -6.463774204254150391e+00 1.115349102020263672e+01 -4.297787547111511230e-01 -5.165136814117431641e+00
