1.317663383483886719e+01 -3.123244476318359375e+01 1.360770606994628906e+01 2.097461318969726562e+01 8.772061347961425781e+00
1.097856760025024414e+00 -1.024083137512207031e+01 4.798271179199218750e+00 1.755970573425292969e+01 2.623042821884155273e+00
-1.703546333312988281e+01 -5.307154655456542969e+00 -3.365100097656250000e+01 -2.537101745605468750e+01 -5.975709915161132812e+00
1.246597957611083984e+01 -1.938459396362304688e+01 -2.061963462829589844e+01 -2.366958045959472656e+01 9.668207168579101562e-02
6.028519821166992188e+01 8.589102745056152344e+00 -4.319745254516601562e+01 1.411367416381835938e+01 -2.234626388549804688e+01
-9.626721739768981934e-01 -1.480335235595703125e+01 -3.834075546264648438e+01 -1.079264068603515625e+01 -9.568602561950683594e+00
-2.566044330596923828e+00 -5.774703979492187500e+00 4.935089111328125000e+00 2.180182695388793945e+00 1.052975893020629883e+00
2.601106834411621094e+01 1.346049690246582031e+01 -1.050871658325195312e+01 -1.209383392333984375e+01 -1.410475254058837891e+01
-1.000931549072265625e+01 -1.679268455505371094e+01 -7.625337839126586914e-01 -2.110352897644042969e+01 1.789903759956359863e+00
3.259493637084960938e+01 -1.155175971984863281e+01 -9.865874052047729492e-01 -1.316674828529357910e+00 -4.326208591461181641e+00
3.350783157348632812e+01 -7.942301750183105469e+00 7.418697834014892578e+00 1.821760940551757812e+01 2.599416542053222656e+01
-3.778343200683593750e+00 7.186126232147216797e+00 -1.975349235534667969e+01 -1.459417247772216797e+01 -2.033767223358154297e+00
-7.854605674743652344e+00 -1.865840721130371094e+01 -1.151439380645751953e+01 -4.532077312469482422e+00 -6.375871658325195312e+00
5.837893962860107422e+00 3.815924748778343201e-02 -7.886631965637207031e+00 -1.278543472290039062e+01 7.750644207000732422e+00
-1.006934928894042969e+01 -1.383936643600463867e+00 -5.695039749145507812e+00 -1.006298160552978516e+01 7.289193272590637207e-01
4.602603530883789062e+01 -1.037959480285644531e+01 -6.081045913696289062e+01 -1.465225577354431152e+00 2.315387487411499023e+00
3.182340621948242188e+00 -5.474619567394256592e-02 -1.106609439849853516e+01 -1.191355958580970764e-01 -7.459070682525634766e+00
1.343396568298339844e+01 1.860268354415893555e+00 -1.001047134399414062e+00 4.196894168853759766e+00 -1.852861404418945312e+01
1.948110771179199219e+01 1.678472709655761719e+01 -2.001938819885253906e+01 -2.356954365968704224e-01 2.273514032363891602e+00
1.683262062072753906e+01 1.733299827575683594e+01 -3.735432052612304688e+01 -1.607736587524414062e+00 -2.589329528808593750e+01
