7.829305648803710938e+00 -1.727496528625488281e+01 -1.370358276367187500e+01 2.922200262546539307e-01 -1.518744468688964844e+01 -7.892510890960693359e+00 1.818307876586914062e+01 6.000651359558105469e+00 2.029745483398437500e+01 2.393955707550048828e+00 6.464004516601562500e+00 7.787507057189941406e+00 -1.086196899414062500e+01 -7.388354301452636719e+00 -9.366132736206054688e+00 -5.631100177764892578e+00 1.016275310516357422e+01
8.095287322998046875e+00 7.369730472564697266e+00 -1.273967170715332031e+01 -1.304740524291992188e+01 2.505589866638183594e+01 2.130679512023925781e+01 9.243308067321777344e+00 2.678872108459472656e+01 -2.064056587219238281e+01 -3.171926689147949219e+01 2.010764503479003906e+01 1.255548095703125000e+01 2.626340103149414062e+01 1.107500642538070679e-01 2.348827838897705078e+00 -1.771630764007568359e+00 -1.939892005920410156e+01
-7.957474231719970703e+00 6.585618495941162109e+00 2.033999919891357422e+00 9.174502372741699219e+00 8.777974128723144531e+00 -1.394794082641601562e+01 7.671378850936889648e-01 8.931094169616699219e+00 2.651827335357666016e+00 1.021698474884033203e+01 2.544431304931640625e+01 8.281517982482910156e+00 -1.131965065002441406e+01 2.655689120292663574e-01 -2.310830831527709961e+00 -6.611223697662353516e+00 1.700529861450195312e+01
3.541469871997833252e-01 -1.218215084075927734e+01 -5.448908329010009766e+00 2.521123647689819336e+00 -7.748829364776611328e+00 -1.018004417419433594e+01 1.323813247680664062e+01 1.138626670837402344e+01 1.904562950134277344e+01 1.248801994323730469e+01 1.393456840515136719e+01 1.408705329895019531e+01 -1.634234428405761719e+01 -3.061560630798339844e+00 -1.149462699890136719e+01 -4.247521400451660156e+00 1.502426052093505859e+01
9.648180007934570312e+00 -1.406154155731201172e+01 -9.451296180486679077e-03 -1.079919147491455078e+01 7.847719669342041016e+00 1.337858009338378906e+01 1.458976078033447266e+01 2.691015243530273438e+01 4.617405891418457031e+00 -3.604324162006378174e-01 1.623681068420410156e+01 2.876316833496093750e+01 1.070524978637695312e+01 -8.241747856140136719e+00 -1.258500480651855469e+01 3.300159692764282227e+00 -8.821022987365722656e+00
-3.720589637756347656e+00 -8.001246452331542969e+00 -1.128710651397705078e+01 -5.374516487121582031e+00 -1.493374919891357422e+01 -7.877626419067382812e+00 9.995362281799316406e+00 -2.236565971374511719e+01 2.370881319046020508e+00 -1.998727798461914062e+01 -1.706996917724609375e+01 9.462836384773254395e-01 -2.246175003051757812e+01 -2.727486371994018555e+00 6.626579284667968750e+00 -1.838616943359375000e+01 -2.018432998657226562e+01
1.081646442413330078e+00 -3.378533363342285156e+00 1.615533447265625000e+01 -1.920360374450683594e+01 1.724526596069335938e+01 5.696342945098876953e+00 8.648649215698242188e+00 2.995113563537597656e+01 -1.120092272758483887e+00 1.788734054565429688e+01 1.107754039764404297e+01 2.790283584594726562e+01 -8.639117240905761719e+00 1.040781688690185547e+01 -1.155290031433105469e+01 8.929105758666992188e+00 -1.328710842132568359e+01
9.621263504028320312e+00 -1.064486408233642578e+01 -1.157305622100830078e+01 -7.088445186614990234e+00 -6.523638248443603516e+00 2.563954114913940430e+00 8.551939964294433594e+00 9.198685646057128906e+00 7.689103603363037109e+00 -6.880876541137695312e+00 8.436425328254699707e-01 5.577142238616943359e+00 3.231730699539184570e+00 -2.247965037822723389e-01 -7.524946689605712891e+00 -2.393774509429931641e+00 -4.682397544384002686e-01
1.308832073211669922e+01 -1.513304042816162109e+01 1.955266952514648438e+01 3.009052038192749023e+00 9.051231384277343750e+00 -9.756752014160156250e+00 6.336458683013916016e+00 1.152407932281494141e+01 4.199077129364013672e+00 2.317526435852050781e+01 3.456238937377929688e+01 2.639050865173339844e+01 8.694622993469238281e+00 -2.445435523986816406e+01 -1.040799140930175781e+01 -6.312291145324707031e+00 2.889328956604003906e+00
9.488879203796386719e+00 -2.611891937255859375e+01 -6.969603061676025391e+00 -4.356710433959960938e+00 -1.506549739837646484e+01 6.171776294708251953e+00 2.210336685180664062e+01 2.513657569885253906e+01 3.067155647277832031e+01 1.328286361694335938e+01 6.769670009613037109e+00 3.004227447509765625e+01 -2.048516511917114258e+00 -1.381767749786376953e+01 -2.086425971984863281e+01 9.311503410339355469e+00 8.913733482360839844e+00
7.252513885498046875e+00 -1.034974479675292969e+01 -3.868586540222167969e+00 -1.699066543579101562e+01 -7.620162010192871094e+00 6.236851215362548828e+00 1.943145370483398438e+01 2.750100326538085938e+01 1.956277275085449219e+01 1.222436714172363281e+01 -7.822287082672119141e+00 1.795997428894042969e+01 -8.753777503967285156e+00 4.216505050659179688e+00 -1.296361732482910156e+01 1.865440177917480469e+01 -3.096422433853149414e+00
-3.785359144210815430e+00 1.035849571228027344e+00 2.120559883117675781e+01 3.014400005340576172e+00 1.560494613647460938e+01 -4.165527820587158203e+00 -4.696620941162109375e+00 -2.723428249359130859e+00 -1.081041812896728516e+01 5.895646572113037109e+00 1.559003162384033203e+01 1.548291492462158203e+01 1.768383860588073730e+00 -5.462456703186035156e+00 2.909328222274780273e+00 -5.225800037384033203e+00 -8.127768516540527344e+00
-6.835768222808837891e+00 1.113957643508911133e+00 -2.019955396652221680e+00 -1.600173568725585938e+01 -1.403900146484375000e+01 3.464948013424873352e-02 -6.558773994445800781e+00 7.903552532196044922e+00 1.197780036926269531e+01 2.421029853820800781e+01 -1.392655181884765625e+01 1.522603607177734375e+01 -2.220439529418945312e+01 -1.250901031494140625e+01 -1.455895042419433594e+01 -3.874456882476806641e+00 -1.463129329681396484e+01
-1.141275644302368164e+00 -7.012777805328369141e+00 1.407307624816894531e+01 -7.117773890495300293e-01 6.103967666625976562e+00 -4.512832641601562500e+00 1.131432056427001953e+00 8.712162971496582031e+00 3.937274456024169922e+00 1.853750038146972656e+01 1.433096981048583984e+01 1.757431602478027344e+01 -7.123732566833496094e+00 -2.273910045623779297e+00 -8.538152694702148438e+00 -1.836785912513732910e+00 2.276402235031127930e+00
8.757342338562011719e+00 -1.418247985839843750e+01 3.883047866821289062e+01 -7.123781681060791016e+00 2.043406486511230469e+01 -2.088498115539550781e+00 -4.459687232971191406e+00 5.465697288513183594e+00 -1.119062232971191406e+01 2.774430084228515625e+01 2.419051361083984375e+01 2.891692352294921875e+01 6.451145648956298828e+00 -1.246718025207519531e+01 -8.866489410400390625e+00 -6.581116199493408203e+00 -1.730944633483886719e+01
-6.244112491607666016e+00 -6.867483854293823242e-01 -4.345696419477462769e-02 4.836000442504882812e+00 1.650681853294372559e+00 -7.815261840820312500e+00 5.119818687438964844e+00 -3.339770317077636719e+00 1.547526478767395020e+00 -4.639475822448730469e+00 7.827056407928466797e+00 7.330089092254638672e+00 -1.080079174041748047e+01 6.470543146133422852e-01 2.510929346084594727e+00 -7.224258422851562500e+00 1.969925999641418457e+00
-1.042767763137817383e+00 4.798076674342155457e-02 -1.840376973152160645e+00 -1.005711317062377930e+00 5.132427215576171875e-01 -2.641652107238769531e+00 1.186381340026855469e+00 -1.395716071128845215e+00 -1.139659285545349121e+00 -1.832023620605468750e+00 1.012660145759582520e+00 -1.715875983238220215e+00 -5.393785953521728516e+00 3.882392406463623047e+00 5.820937156677246094e-01 -4.277549743652343750e+00 -5.050348639488220215e-01
1.101120567321777344e+01 -1.609198760986328125e+01 -1.693904685974121094e+01 -1.395181059837341309e+00 -1.628450393676757812e+01 -5.245373249053955078e+00 1.735963058471679688e+01 3.468304127454757690e-02 1.533046531677246094e+01 -6.436895847320556641e+00 2.023126631975173950e-01 3.421497344970703125e-01 -5.325773239135742188e+00 -7.736297607421875000e+00 -4.935135364532470703e+00 -6.666003227233886719e+00 4.111940383911132812e+00
4.048508405685424805e-01 -6.563915729522705078e+00 7.312307953834533691e-01 -1.058111286163330078e+01 5.323071479797363281e+00 1.265735054016113281e+01 6.237809658050537109e+00 1.590638732910156250e+01 9.765542745590209961e-01 -1.440454244613647461e+00 5.011403560638427734e-01 1.624536323547363281e+01 7.122033238410949707e-01 5.043871879577636719e+00 -7.602543830871582031e+00 4.235051631927490234e+00 -9.639538764953613281e+00
8.049026489257812500e+00 -3.344180345535278320e+00 8.920531272888183594e+00 -7.032351493835449219e+00 1.546844291687011719e+01 3.383395195007324219e+00 2.006963491439819336e+00 6.343200206756591797e+00 -1.338355159759521484e+01 -3.229027986526489258e+00 1.615074539184570312e+01 1.089447116851806641e+01 1.053026390075683594e+01 -5.055264472961425781e+00 -3.468827009201049805e-01 -7.433124065399169922e+00 -1.463724899291992188e+01
