2.002224922180175781e+00 4.558767795562744141e+00 2.429234266281127930e+00 -7.877361774444580078e+00 -8.902143478393554688e+00 3.044024467468261719e+00 8.381594657897949219e+00 -4.891092777252197266e+00 1.289381027221679688e+01 6.027898788452148438e+00 -6.431573629379272461e-02 1.375106930732727051e+00 -1.913837909698486328e+00 -1.030991840362548828e+01 2.353754758834838867e+00
-1.261581039428710938e+01 -4.355915486812591553e-01 -8.743526935577392578e-01 4.436107724905014038e-02 -4.546672821044921875e+00 6.642971038818359375e+00 5.698972702026367188e+00 -3.180862963199615479e-01 4.531666278839111328e+00 -4.278784751892089844e+00 -1.999981164932250977e+00 -1.106812596321105957e+00 -4.709952354431152344e+00 8.985790610313415527e-01 -7.872179985046386719e+00
-1.086541891098022461e+00 8.160235404968261719e+00 -7.356359481811523438e+00 -1.184785938262939453e+01 1.000829410552978516e+01 -1.035248184204101562e+01 1.190989685058593750e+01 2.605406761169433594e+00 1.648757553100585938e+01 1.158967876434326172e+01 1.496163940429687500e+01 2.508672237396240234e+00 1.025521373748779297e+01 -1.561288452148437500e+01 1.349029541015625000e+01
3.800273180007934570e+00 -1.511227190494537354e-01 9.322733879089355469e+00 -2.216329383850097656e+01 -1.667719650268554688e+01 -2.778598070144653320e+00 2.079064369201660156e+01 -1.157801032066345215e+00 2.446005058288574219e+01 2.071038627624511719e+01 1.188984870910644531e+01 1.388159847259521484e+01 1.280142402648925781e+01 -2.915028572082519531e+00 1.511914634704589844e+01
-1.042422294616699219e+01 9.136517524719238281e+00 -1.222460651397705078e+01 -7.434896469116210938e+00 6.271223068237304688e+00 1.773980140686035156e+01 -2.219090461730957031e+00 3.057533264160156250e+00 8.941185951232910156e+00 2.536221779882907867e-02 3.492742180824279785e-01 -1.008786106109619141e+01 -9.621514320373535156e+00 -6.481543540954589844e+00 -7.870074748992919922e+00
-1.123060798645019531e+01 -6.997322082519531250e+00 -9.931296348571777344e+00 -6.624791145324707031e+00 2.493808746337890625e+00 -6.074079871177673340e-01 1.030397319793701172e+01 -3.199961662292480469e+00 7.625827312469482422e+00 -1.404687762260437012e+00 5.846363544464111328e+00 -4.403923988342285156e+00 -8.519770622253417969e+00 -5.230243682861328125e+00 -3.196754753589630127e-01
-2.500525712966918945e-01 -1.047657251358032227e+00 -3.195931315422058105e-01 -1.631197780370712280e-01 7.741901397705078125e+00 -4.034089088439941406e+00 -1.835293173789978027e+00 -5.322158932685852051e-01 3.879123687744140625e+00 -1.112642168998718262e+00 -1.790619969367980957e+00 -1.488043427467346191e+00 -2.217002868652343750e+00 4.740831375122070312e+00 -4.671337604522705078e+00
4.604834020137786865e-01 2.020520782470703125e+01 -9.322224617004394531e+00 -9.286592483520507812e+00 5.598600387573242188e+00 1.399736309051513672e+01 -1.220805048942565918e+00 4.639907836914062500e+00 1.418435192108154297e+01 3.939779281616210938e+00 9.699131250381469727e-01 -1.118667697906494141e+01 -1.403319597244262695e+00 -1.879244041442871094e+01 -2.623463869094848633e+00
5.560464859008789062e+00 -4.330582141876220703e+00 -2.387417078018188477e+00 -8.078154563903808594e+00 -3.202131271362304688e+00 -2.506506204605102539e+00 8.929544448852539062e+00 1.509819316864013672e+01 7.419918537139892578e+00 1.070304870605468750e+00 4.049800395965576172e+00 8.738844871520996094e+00 4.425649642944335938e+00 1.208512306213378906e+01 6.841992855072021484e+00
7.083382129669189453e+00 1.697358703613281250e+01 -1.216517090797424316e+00 -6.154505729675292969e+00 -4.719405174255371094e+00 1.120517539978027344e+01 2.267902374267578125e+00 2.711510181427001953e+00 1.206375503540039062e+01 5.208473205566406250e+00 -4.133735656738281250e+00 -3.405266523361206055e+00 -4.728224277496337891e-01 -1.373806190490722656e+01 -8.859823942184448242e-01
1.318822622299194336e+00 8.559806823730468750e+00 2.636142969131469727e+00 -5.234519481658935547e+00 -3.403777837753295898e+00 1.041223335266113281e+01 -1.433440208435058594e+00 1.290172338485717773e+00 1.027670574188232422e+01 5.865827083587646484e+00 -4.359840869903564453e+00 4.443367958068847656e+00 -2.877149343490600586e+00 1.815958976745605469e+00 -2.804509878158569336e+00
-8.210380554199218750e+00 -3.558069229125976562e+00 -1.344871807098388672e+01 -3.261939287185668945e+00 8.349772453308105469e+00 -1.166490793228149414e+00 5.991641998291015625e+00 5.038490772247314453e+00 3.211592912673950195e+00 -4.141128540039062500e+00 5.908894538879394531e+00 -3.754689216613769531e+00 -5.727738380432128906e+00 -2.480043172836303711e+00 1.127939462661743164e+00
-1.160893821716308594e+01 7.541918754577636719e+00 -1.017333889007568359e+01 2.455807209014892578e+00 1.002794170379638672e+01 -6.093055725097656250e+00 9.603360176086425781e+00 1.068440055847167969e+01 5.071677684783935547e+00 -9.094230651855468750e+00 6.322550296783447266e+00 -6.805852413177490234e+00 6.683295726776123047e+00 -1.084405708312988281e+01 -2.321629762649536133e+00
1.078988552093505859e+00 1.653683900833129883e+00 1.614239573478698730e+00 -1.081325531005859375e+01 5.395887374877929688e+00 -6.782647132873535156e+00 7.786473751068115234e+00 1.056816816329956055e+00 1.961819458007812500e+01 9.368432998657226562e+00 3.639298915863037109e+00 8.074679374694824219e+00 2.192450761795043945e+00 4.479350566864013672e+00 2.447978496551513672e+00
6.680232048034667969e+00 9.223264455795288086e-02 7.357077598571777344e+00 1.712519526481628418e-01 6.243115663528442383e-01 -1.060114765167236328e+01 7.143129348754882812e+00 1.372518348693847656e+01 1.243313026428222656e+01 -5.886727809906005859e+00 -6.268062591552734375e+00 8.722195625305175781e+00 5.940292358398437500e+00 1.726579666137695312e+01 -6.026890754699707031e+00
2.978987455368041992e+00 2.072616577148437500e+00 -4.909806728363037109e+00 -1.471827745437622070e+00 -1.803742647171020508e+00 3.425087630748748779e-01 4.763234138488769531e+00 2.539857149124145508e+00 3.804894685745239258e+00 -3.958667755126953125e+00 -1.073017239570617676e+00 -3.798648118972778320e+00 -3.968600511550903320e+00 -7.953597068786621094e+00 6.344336271286010742e-01
3.793441355228424072e-01 3.333968400955200195e+00 -3.926216125488281250e+00 2.612736225128173828e+00 -6.384868919849395752e-02 2.208664417266845703e+00 7.848055362701416016e-01 3.912017583847045898e+00 -5.584763288497924805e-01 -7.301637172698974609e+00 -3.122943401336669922e+00 -6.212410926818847656e+00 -2.678163766860961914e+00 -5.267519950866699219e+00 -3.866735935211181641e+00
-1.163646984100341797e+01 8.165710449218750000e+00 -1.316965961456298828e+01 -1.493885421752929688e+01 4.197603702545166016e+00 1.039853382110595703e+01 9.400526046752929688e+00 -5.593125343322753906e+00 1.988756561279296875e+01 3.976512432098388672e+00 6.261005401611328125e+00 -1.476409530639648438e+01 -9.060375213623046875e+00 -2.198577880859375000e+01 -4.014291286468505859e+00
-1.331280994415283203e+01 -2.537960410118103027e-01 -2.528743505477905273e+00 -6.480663776397705078e+00 -1.427874922752380371e+00 1.583926963806152344e+01 -1.132699012756347656e+00 -1.700989246368408203e+00 6.552943706512451172e+00 5.458922386169433594e+00 -3.012402057647705078e-01 3.406639575958251953e+00 -8.661801338195800781e+00 8.441524505615234375e+00 -5.746505260467529297e+00
-7.858232021331787109e+00 -3.139292001724243164e+00 -7.923679351806640625e+00 -2.016324847936630249e-01 7.408787727355957031e+00 1.533953428268432617e+00 -8.249305486679077148e-01 3.223837912082672119e-02 -1.843539953231811523e+00 -4.169226169586181641e+00 2.394448757171630859e+00 -7.638410091400146484e+00 -4.709956169128417969e+00 -7.551589012145996094e-01 -3.970344781875610352e+00
