-1.098909950256347656e+01 2.596578836441040039e+00 -6.000220775604248047e+00 -1.586863040924072266e+01 9.188461303710937500e+00 -1.054480934143066406e+01 -9.897478103637695312e+00 -1.999862861633300781e+01 -1.788276195526123047e+00
-4.479983329772949219e+00 1.106284904479980469e+01 -2.211801338195800781e+01 2.415313529968261719e+01 5.336830615997314453e+00 -2.517197608947753906e+01 -2.242406654357910156e+01 1.119363880157470703e+01 2.029483795166015625e+01
-1.478661632537841797e+01 -2.116681289672851562e+01 -2.674704551696777344e+01 -2.142630195617675781e+01 -1.014335346221923828e+01 -1.924056434631347656e+01 -1.777210044860839844e+01 1.261016845703125000e+01 1.302522277832031250e+01
-1.703484916687011719e+01 -1.958358764648437500e+01 -4.231670379638671875e+01 -2.053824806213378906e+01 -7.338054180145263672e+00 -1.556902313232421875e+01 -2.004120826721191406e+01 -7.672167301177978516e+00 1.228847503662109375e+01
1.175903606414794922e+01 2.270851516723632812e+01 -1.805184364318847656e+01 2.833607292175292969e+01 1.168120956420898438e+01 1.569594979286193848e+00 -1.543012261390686035e+00 1.947374463081359863e+00 -2.309561538696289062e+01
-2.312708282470703125e+01 5.313493609428405762e-01 1.805927848815917969e+01 -3.447207641601562500e+01 -1.589432621002197266e+01 -1.794029998779296875e+01 -5.103617191314697266e+00 -6.847344398498535156e+00 2.018301773071289062e+01
1.048809623718261719e+01 -2.063083171844482422e+00 -2.613922691345214844e+01 6.749936580657958984e+00 -5.308341979980468750e+00 -1.699650406837463379e+00 -7.045908927917480469e+00 1.173455429077148438e+01 -1.902018547058105469e+01
-3.149761199951171875e+00 1.687290191650390625e+01 -6.325767993927001953e+00 8.242341995239257812e+00 7.794772148132324219e+00 -3.119595766067504883e+00 -5.330090045928955078e+00 -7.826868057250976562e+00 -1.413935422897338867e+00
-6.704429626464843750e+00 -6.368057727813720703e+00 -1.832978248596191406e+01 -1.332504081726074219e+01 -1.525364494323730469e+01 -1.629344344139099121e+00 -1.598582386970520020e+00 6.981733322143554688e+00 9.720912933349609375e+00
2.747172355651855469e+00 1.043574428558349609e+01 -6.493356704711914062e+00 -2.512378931045532227e+00 1.002809810638427734e+01 -7.372947335243225098e-01 8.200955390930175781e+00 -8.687489509582519531e+00 -1.454732608795166016e+01
-1.490825295448303223e+00 1.278501224517822266e+01 -1.439725780487060547e+01 3.678588628768920898e+00 7.716326117515563965e-01 3.787143468856811523e+00 7.863680839538574219e+00 -1.865015387535095215e+00 6.258681416511535645e-01
-1.246773147583007812e+01 -6.598573207855224609e+00 -1.651463699340820312e+01 -2.399979782104492188e+01 -2.653688621520996094e+01 -9.684410095214843750e+00 -8.496774673461914062e+00 1.262199115753173828e+01 1.111192321777343750e+01
-5.978579998016357422e+00 -8.345873832702636719e+00 3.967766761779785156e+00 -1.248678874969482422e+01 1.002588367462158203e+01 -9.156449317932128906e+00 4.340018749237060547e+00 5.267714023590087891e+00 9.904397010803222656e+00
-7.286271095275878906e+00 -6.824626922607421875e+00 -1.381450271606445312e+01 -4.915163040161132812e+00 6.097534298896789551e-01 -1.211560845375061035e+00 -3.353418350219726562e+00 5.038331508636474609e+00 6.884485244750976562e+00
6.811720371246337891e+00 -1.095348453521728516e+01 -3.593246078491210938e+01 -9.073873519897460938e+00 -1.891720771789550781e+01 -1.061392974853515625e+01 -1.235474967956542969e+01 2.071281433105468750e+01 -1.167694854736328125e+01
-8.139035224914550781e+00 -2.247984409332275391e+00 -2.961557149887084961e+00 -2.074705505371093750e+01 -7.373490810394287109e+00 -1.282782077789306641e+01 -4.177044391632080078e+00 -1.166465163230895996e+00 4.040222644805908203e+00
-2.912048101425170898e+00 -7.194209575653076172e+00 -4.354982852935791016e+00 -2.637428998947143555e+00 3.680070400238037109e+00 -8.560420036315917969e+00 -8.278141975402832031e+00 4.551442623138427734e+00 -2.079720348119735718e-01
-9.338706016540527344e+00 1.036775875091552734e+01 -1.498140692710876465e+00 -4.911157608032226562e+00 6.561232089996337891e+00 -6.451148033142089844e+00 -6.366610527038574219e+00 -1.305896186828613281e+01 5.647492408752441406e+00
-6.404215335845947266e+00 3.181171989440917969e+01 -4.026021575927734375e+01 3.032798004150390625e+01 1.374868899583816528e-01 4.478624343872070312e+00 -1.310063076019287109e+01 -2.399371147155761719e+00 4.610115528106689453e+00
1.843840360641479492e+00 5.424198150634765625e+00 -6.282976627349853516e+00 9.429252624511718750e+00 -9.919587969779968262e-01 -6.080499649047851562e+00 -8.701163291931152344e+00 4.571889400482177734e+00 -7.267238140106201172e+00
