2.083765029907226562e+00
4.638931751251220703e+00
-2.285733604431152344e+01
-1.469352531433105469e+01
1.389057159423828125e+01
-7.022028350830078125e+01
6.596556305885314941e-01
2.384218597412109375e+01
-9.886033058166503906e+00
3.443768692016601562e+01
1.908805465698242188e+01
-3.112273025512695312e+01
-1.573326873779296875e+02
-6.674052238464355469e+00
-3.827904939651489258e+00
-4.525262451171875000e+01
-1.580132246017456055e+00
5.584961700439453125e+01
1.058139514923095703e+01
6.446765422821044922e+00
