-3.769510984420776367e+00 -2.687387943267822266e+00 -5.434607028961181641e+00 1.336374282836914062e+00 8.820840120315551758e-01 -9.681268036365509033e-02 -1.553124070167541504e+00 -1.776763796806335449e+00 3.816820144653320312e+00 5.232105851173400879e-01 -5.101112842559814453e+00 2.711534023284912109e+00 -4.336364746093750000e+00 8.386058807373046875e-01 -1.601356267929077148e-01 2.569270610809326172e+00 -2.023884057998657227e+00 -1.671296715736389160e+00 2.702654838562011719e+00 3.016626596450805664e+00
2.025341415405273438e+01 6.894392490386962891e+00 -3.515444755554199219e+00 -1.924538993835449219e+01 -4.124508666992187500e+01 1.300988483428955078e+01 -1.982666397094726562e+01 3.330615043640136719e+00 1.925076842308044434e+00 6.950531005859375000e+00 -1.006691551208496094e+01 2.595328712463378906e+01 6.045742988586425781e+00 7.305067539215087891e+00 1.672193717956542969e+01 -1.530536174774169922e+01 -2.259034538269042969e+01 6.241365432739257812e+00 1.483421039581298828e+01 1.160857081413269043e+00
2.539964675903320312e+01 4.400583744049072266e+00 -4.755567550659179688e+00 2.270994901657104492e+00 -1.831999588012695312e+01 5.371979713439941406e+00 -7.953551292419433594e+00 1.668332481384277344e+01 2.392143964767456055e+00 1.461119556427001953e+01 -2.330553293228149414e+00 2.291560363769531250e+01 4.882313728332519531e+00 3.838222980499267578e+00 -1.078287601470947266e+00 3.702600955963134766e+00 1.505956292152404785e+00 1.103045940399169922e+00 2.951607942581176758e+00 -3.940125942230224609e+00
-2.522235631942749023e+00 -7.311613559722900391e-01 -4.189579486846923828e+00 -2.710054636001586914e+00 -6.683000087738037109e+00 -5.276132225990295410e-01 8.006134986877441406e+00 1.089864349365234375e+01 1.556006336212158203e+01 8.606782913208007812e+00 -3.528914213180541992e+00 7.815885066986083984e+00 -6.644670009613037109e+00 5.966865062713623047e+00 -2.587820291519165039e+00 4.030534029006958008e-01 -1.204505729675292969e+01 2.765252113342285156e+01 1.431326007843017578e+01 -6.840372562408447266e+00
3.435707807540893555e+00 4.439473152160644531e+00 3.560535669326782227e+00 -1.252864933013916016e+01 -2.068757629394531250e+01 6.899275779724121094e+00 -1.668383216857910156e+01 -1.030014610290527344e+01 -5.340888023376464844e+00 -3.980449438095092773e+00 -4.763751029968261719e+00 6.266099929809570312e+00 -2.277980566024780273e+00 -1.034518957138061523e+00 1.067730617523193359e+01 -1.502091312408447266e+01 -1.394348430633544922e+01 -8.281643390655517578e-01 1.725803756713867188e+01 8.234310150146484375e+00
1.452309226989746094e+01 -4.647352218627929688e+00 -7.226626873016357422e-01 4.635299205780029297e+00 -1.873484611511230469e+00 8.517436027526855469e+00 -1.302279186248779297e+01 1.280382061004638672e+01 -8.932800292968750000e+00 1.224420928955078125e+01 4.618558883666992188e+00 1.467862510681152344e+01 5.771946907043457031e+00 9.507694244384765625e+00 -3.028104305267333984e+00 3.185481548309326172e+00 1.128910541534423828e+01 -1.152158355712890625e+01 -4.573633670806884766e+00 -5.066943764686584473e-01
-1.225273704528808594e+01 1.078916072845458984e+01 7.646872043609619141e+00 -1.028053283691406250e+01 -1.063793945312500000e+01 5.550094127655029297e+00 -8.148868560791015625e+00 -6.461292266845703125e+00 8.854416847229003906e+00 1.234073042869567871e+00 1.767574667930603027e+00 5.837489604949951172e+00 -2.246328115463256836e+00 1.174286556243896484e+01 1.010558319091796875e+01 -8.346171379089355469e+00 -9.339797973632812500e+00 -2.732168436050415039e+00 6.072577476501464844e+00 2.261533737182617188e+00
2.074095726013183594e+01 -3.270557880401611328e+00 -3.985966920852661133e+00 1.661585330963134766e+00 -1.296710681915283203e+01 2.956419944763183594e+00 -1.290735149383544922e+01 7.118101119995117188e-01 -1.186546993255615234e+01 -3.822554111480712891e+00 -3.616276741027832031e+00 5.783362865447998047e+00 -7.021623849868774414e-01 -1.248945140838623047e+01 -6.657533645629882812e-01 -9.612431526184082031e-01 4.430430009961128235e-02 2.165628910064697266e+00 1.589774322509765625e+01 5.686175346374511719e+00
-1.006091022491455078e+01 7.386914730072021484e+00 5.351050496101379395e-01 2.078129529953002930e+00 6.880480647087097168e-01 2.606004476547241211e+00 1.823940038681030273e+00 9.945158004760742188e+00 2.239415359497070312e+01 -2.077508926391601562e+00 1.011784076690673828e+01 4.924063682556152344e+00 7.360760569572448730e-01 1.264888858795166016e+01 3.722192525863647461e+00 1.669668197631835938e+01 3.832582712173461914e+00 1.133198165893554688e+01 1.635753393173217773e+00 -9.440966606140136719e+00
5.713513851165771484e+00 -6.079524993896484375e+00 -8.664357185363769531e+00 -1.204873180389404297e+01 -1.606637954711914062e+01 3.809386014938354492e+00 -5.432415008544921875e+00 -6.916394233703613281e+00 -5.833564758300781250e+00 -1.264828968048095703e+01 -8.808013916015625000e+00 -1.782180070877075195e+00 4.668181896209716797e+00 -8.539896011352539062e+00 1.137097072601318359e+01 -6.276950836181640625e+00 -1.547304916381835938e+01 1.016333961486816406e+01 7.087897777557373047e+00 2.736804246902465820e+00
-3.695003271102905273e+00 2.944622039794921875e+00 6.368291378021240234e-01 -1.354279327392578125e+01 -1.561441993713378906e+01 4.964146137237548828e+00 -8.391856193542480469e+00 -1.008234310150146484e+01 -8.545736670494079590e-01 -5.817835807800292969e+00 -5.268422126770019531e+00 1.699222564697265625e+00 4.591852724552154541e-01 7.298788428306579590e-01 1.201042938232421875e+01 -1.188982677459716797e+01 -1.523240566253662109e+01 1.867461085319519043e+00 8.018278121948242188e+00 4.708825588226318359e+00
2.015102386474609375e+00 -2.638902366161346436e-01 -4.811475276947021484e+00 1.050689339637756348e+00 -2.664539575576782227e+00 7.192593574523925781e+00 -5.341866970062255859e+00 1.019197654724121094e+01 2.919751167297363281e+00 4.669068336486816406e+00 4.278206825256347656e+00 9.948865890502929688e+00 8.074069976806640625e+00 1.047947216033935547e+01 3.840481996536254883e+00 1.010147380828857422e+01 5.987085342407226562e+00 -4.327761173248291016e+00 -9.936895370483398438e+00 -3.878391504287719727e+00
1.255527496337890625e+01 -2.979196548461914062e+00 8.732495307922363281e+00 4.527828216552734375e+00 1.874759197235107422e+00 7.951192259788513184e-01 -7.006495475769042969e+00 7.573127269744873047e+00 -3.013720989227294922e+00 9.235276222229003906e+00 4.724994659423828125e+00 7.079730510711669922e+00 -6.081942558288574219e+00 4.224597454071044922e+00 -9.345753669738769531e+00 -5.848654747009277344e+00 5.657902240753173828e+00 1.437692284584045410e+00 1.380021476745605469e+01 -1.280005097389221191e+00
7.022469997406005859e+00 6.821564435958862305e-01 -2.586536109447479248e-01 -2.122972965240478516e+00 -7.467029571533203125e+00 3.974598884582519531e+00 4.764042198657989502e-01 1.685943412780761719e+01 1.518844795227050781e+01 1.086436271667480469e+01 3.015695571899414062e+00 1.489052009582519531e+01 1.670473337173461914e+00 1.477989864349365234e+01 -7.514864951372146606e-02 3.289950370788574219e+00 -3.200516223907470703e+00 1.469078063964843750e+01 4.377259731292724609e+00 -1.114146804809570312e+01
-2.495317077636718750e+01 1.470322990417480469e+01 1.142775917053222656e+01 -1.517214107513427734e+01 -1.085567665100097656e+01 8.200164794921875000e+00 -4.994269371032714844e+00 1.708899021148681641e+00 3.302199172973632812e+01 -9.352567791938781738e-01 1.051366233825683594e+01 9.133812904357910156e+00 -2.799919366836547852e+00 2.880607604980468750e+01 1.561199855804443359e+01 -9.532725214958190918e-01 -1.379983043670654297e+01 1.520538997650146484e+01 1.157969188690185547e+01 -9.541157722473144531e+00
8.121051788330078125e+00 2.496959686279296875e+00 -3.724282026290893555e+00 4.561127662658691406e+00 -6.022008419036865234e+00 4.707592964172363281e+00 -7.984113693237304688e+00 7.816922664642333984e+00 1.441653132438659668e+00 9.785492420196533203e-01 3.618667125701904297e+00 8.998817443847656250e+00 3.053203582763671875e+00 1.080067396163940430e+00 1.108373999595642090e+00 1.104289245605468750e+01 6.864393711090087891e+00 -1.208547472953796387e+00 2.074663877487182617e+00 -3.832399845123291016e-01
7.883986473083496094e+00 1.930153846740722656e+00 2.807911872863769531e+00 2.774023294448852539e+00 -3.359263658523559570e+00 8.191540837287902832e-01 -5.708940505981445312e+00 3.170205831527709961e+00 -2.696695327758789062e-01 2.948405265808105469e+00 2.502783298492431641e+00 4.259658813476562500e+00 -2.639608621597290039e+00 -2.517872571945190430e+00 -2.997443377971649170e-01 4.086151123046875000e+00 3.057223796844482422e+00 -8.422661423683166504e-01 6.961005687713623047e+00 5.399882316589355469e+00
5.138799190521240234e+00 -1.694610357284545898e+00 -1.137792968750000000e+01 -1.801543354988098145e+00 -1.168325233459472656e+01 1.516299724578857422e+00 -2.654011964797973633e+00 -3.170379877090454102e+00 -6.368584156036376953e+00 -5.770375251770019531e+00 -8.411986351013183594e+00 7.281506657600402832e-01 1.300051331520080566e+00 -1.245132255554199219e+01 4.271158695220947266e+00 2.505397558212280273e+00 -6.712132930755615234e+00 5.805360794067382812e+00 5.106013298034667969e+00 5.768671989440917969e+00
7.041066288948059082e-01 1.932264208793640137e+00 8.956348419189453125e+00 -3.526757001876831055e+00 -4.094635963439941406e+00 3.617177486419677734e+00 -1.062988281250000000e+01 -3.225474834442138672e+00 -3.181693553924560547e+00 3.558452606201171875e+00 2.302778720855712891e+00 4.341901779174804688e+00 -4.927243232727050781e+00 5.221505641937255859e+00 3.653598129749298096e-01 -1.067520618438720703e+01 -2.015175580978393555e+00 -3.968094348907470703e+00 1.169783592224121094e+01 3.860934972763061523e+00
6.961552619934082031e+00 9.331863403320312500e+00 8.232602119445800781e+00 -4.608035683631896973e-01 -1.094731330871582031e+01 5.877725124359130859e+00 -1.449790859222412109e+01 2.104348421096801758e+00 -9.797704219818115234e-01 1.156816482543945312e+01 2.589744329452514648e+00 1.485934543609619141e+01 -3.306724309921264648e+00 7.844658851623535156e+00 2.305568605661392212e-01 -6.695034027099609375e+00 1.808225989341735840e+00 -1.049528884887695312e+01 9.326663970947265625e+00 4.345700263977050781e+00
