1.417263603210449219e+01 1.141827583312988281e+01 8.688129425048828125e+00 1.453863143920898438e+01 3.008268594741821289e+00 -3.379498958587646484e+00 1.188848209381103516e+01 1.722537231445312500e+01 1.452762603759765625e+00 5.224926471710205078e+00 -1.066339397430419922e+01 1.618745231628417969e+01 5.317515850067138672e+00 -1.372296094894409180e+00
-6.638621807098388672e+00 -6.781206130981445312e+00 -6.522728443145751953e+00 3.045185327529907227e+00 1.263515853881835938e+01 3.256181716918945312e+00 -1.907426357269287109e+00 1.228885269165039062e+01 1.253936958312988281e+01 -4.441427230834960938e+00 -3.696937084197998047e+00 7.434126853942871094e+00 -6.470897197723388672e+00 -7.459932804107666016e+00
-1.927730560302734375e+01 1.920992255210876465e+00 2.444330406188964844e+01 -5.360107421875000000e+00 7.598507404327392578e+00 -3.536677658557891846e-01 4.250508785247802734e+00 2.453956794738769531e+01 -5.739187240600585938e+00 6.344244003295898438e+00 1.019311428070068359e+01 8.391086578369140625e+00 -1.459675979614257812e+01 -4.488573074340820312e-01
-4.900170135498046875e+01 -1.330251336097717285e+00 4.661238479614257812e+01 8.119758605957031250e+00 4.761916160583496094e+00 1.867152214050292969e+01 2.185531616210937500e+01 5.705126953125000000e+01 -1.499344062805175781e+01 2.323009872436523438e+01 6.482866287231445312e+00 5.351912498474121094e+00 -7.490162849426269531e+00 1.569993305206298828e+01
1.980960249900817871e+00 -7.061617374420166016e+00 -1.761212944984436035e-02 1.322474479675292969e+01 2.091158294677734375e+01 -5.381115913391113281e+00 3.247074127197265625e+01 1.856932830810546875e+01 -2.425352096557617188e+00 -1.337200641632080078e+00 -2.570573616027832031e+01 3.235500097274780273e+00 3.411930465698242188e+01 -2.254898309707641602e+00
4.901929473876953125e+01 1.394330310821533203e+01 1.605651283264160156e+01 2.919601631164550781e+01 -1.127675771713256836e+00 -7.027840137481689453e+00 -9.831091880798339844e+00 4.999505996704101562e+01 -7.276794433593750000e+00 -6.616872549057006836e-01 2.157004928588867188e+01 1.831088638305664062e+01 7.034605503082275391e+00 2.533393287658691406e+01
-1.429266071319580078e+01 -5.921959877014160156e+00 8.916643142700195312e+00 5.733156204223632812e+00 -2.347259759902954102e+00 5.030832290649414062e+00 9.298645019531250000e+00 1.557216453552246094e+01 -1.081880187988281250e+01 6.290495395660400391e+00 -5.985062122344970703e-01 -4.855904579162597656e+00 1.481023406982421875e+01 1.222922229766845703e+01
1.397922515869140625e+01 -4.533684253692626953e+00 -8.989427566528320312e+00 1.760449218750000000e+01 1.842191886901855469e+01 -2.377868080139160156e+01 2.907236671447753906e+01 1.865428924560546875e+01 -2.863126993179321289e+00 -6.832559108734130859e+00 -3.506523132324218750e+01 2.161242103576660156e+01 4.780210494995117188e+01 -8.159037590026855469e+00
1.682586431503295898e+00 1.780596351623535156e+01 4.527534103393554688e+01 2.673807525634765625e+01 -1.764730072021484375e+01 4.465385913848876953e+00 1.691427612304687500e+01 4.839931869506835938e+01 -1.898793983459472656e+01 2.510208129882812500e+01 9.635508656501770020e-01 1.222693252563476562e+01 7.917493820190429688e+00 2.638434219360351562e+01
7.638402938842773438e+00 1.072652435302734375e+01 2.721559047698974609e+00 2.844816970825195312e+01 1.654325366020202637e+00 -9.534694671630859375e+00 3.078355407714843750e+01 2.155899429321289062e+01 2.911885499954223633e+00 9.598397254943847656e+00 -4.407116317749023438e+01 3.064172172546386719e+01 2.935848045349121094e+01 -8.017079353332519531e+00
-2.785190963745117188e+01 1.343670248985290527e+00 2.318290901184082031e+01 1.162637901306152344e+01 3.865061569213867188e+01 5.823530578613281250e+01 6.864244842529296875e+01 1.207061481475830078e+01 1.496454524993896484e+01 2.324565887451171875e+01 -2.556267929077148438e+01 -3.701363754272460938e+01 -3.213875293731689453e+00 -4.149153232574462891e+00
2.223280143737792969e+01 2.148993301391601562e+01 2.854036903381347656e+01 1.077894592285156250e+01 1.308177852630615234e+01 1.349718761444091797e+01 6.995064735412597656e+00 3.078245162963867188e+01 2.253305435180664062e+00 1.165567588806152344e+01 2.341271972656250000e+01 6.808449268341064453e+00 -1.137762451171875000e+01 4.853926658630371094e+00
2.586882591247558594e+00 4.633819103240966797e+00 6.294834136962890625e+00 -7.878582954406738281e+00 1.017787933349609375e+01 7.320437908172607422e+00 1.163173675537109375e+01 -1.041795825958251953e+01 1.997056603431701660e+00 1.945238709449768066e+00 2.362025499343872070e+00 -1.165587615966796875e+01 -8.581759452819824219e+00 -5.717392444610595703e+00
-2.815239715576171875e+01 -3.658985495567321777e-01 2.871379089355468750e+01 8.839922904968261719e+00 1.456801700592041016e+01 4.617354583740234375e+01 4.589733123779296875e+01 1.439519405364990234e+01 -1.110348343849182129e+00 2.349787139892578125e+01 -1.017145252227783203e+01 -3.566052627563476562e+01 -3.548168897628784180e+00 1.179369640350341797e+01
-1.890314674377441406e+01 1.017953276634216309e+00 1.396448898315429688e+01 9.853526115417480469e+00 -9.907487869262695312e+00 1.065788173675537109e+01 1.586929512023925781e+01 1.437381839752197266e+01 -1.384566497802734375e+01 1.475443840026855469e+01 -4.431103706359863281e+00 -2.705386877059936523e+00 1.849082946777343750e+01 1.425420951843261719e+01
2.089347076416015625e+01 1.616982460021972656e+01 2.609045219421386719e+01 2.381104469299316406e+00 4.695868015289306641e+00 -2.470313072204589844e+00 4.058454036712646484e+00 1.370082092285156250e+01 2.074617624282836914e+00 5.743396759033203125e+00 1.163224411010742188e+01 3.166739225387573242e+00 -1.823147201538085938e+01 6.856998205184936523e-01
4.253033161163330078e+00 1.826066374778747559e+00 4.884982109069824219e+00 2.378880500793457031e+00 -1.919653654098510742e+00 -3.274746417999267578e+00 -5.045334696769714355e-01 4.786353111267089844e+00 -5.716469287872314453e-01 1.012844920158386230e+00 -2.405815362930297852e+00 2.774353981018066406e+00 -4.328174114227294922e+00 7.891030311584472656e-01
1.686509895324707031e+01 -3.908624172210693359e+00 -5.955567359924316406e+00 5.044658660888671875e+00 9.393200874328613281e+00 -1.781530380249023438e+01 4.476980686187744141e+00 6.223289489746093750e+00 1.669141888618469238e+00 -9.129361152648925781e+00 -1.409366607666015625e+01 8.924908638000488281e+00 1.165619945526123047e+01 -5.583292007446289062e+00
-2.628489685058593750e+01 -1.650789833068847656e+01 1.307572937011718750e+01 1.996008753776550293e+00 3.134711456298828125e+01 3.487239837646484375e+01 2.912686157226562500e+01 2.197607612609863281e+01 8.177118301391601562e+00 5.334851741790771484e+00 -1.853411436080932617e+00 -3.138152503967285156e+01 -7.670466423034667969e+00 4.992217063903808594e+00
2.901856601238250732e-01 -1.008459758758544922e+01 -1.099342584609985352e+00 -2.240590810775756836e+00 6.322921752929687500e+00 -5.657838344573974609e+00 -2.221883296966552734e+00 7.229577541351318359e+00 -3.636209964752197266e+00 -6.455128192901611328e+00 3.799450635910034180e+00 -5.265799522399902344e+00 5.195374011993408203e+00 4.152043342590332031e+00
