-7.587367057800292969e+00 -2.818719291687011719e+01 -2.165560913085937500e+01 -2.553654289245605469e+01 1.803641891479492188e+01 -3.835071325302124023e+00 -2.940545272827148438e+01
5.017559528350830078e+00 -3.051458740234375000e+01 -2.047076416015625000e+01 1.531929588317871094e+01 -2.302785301208496094e+01 -1.004950714111328125e+01 1.511200141906738281e+01
2.398974037170410156e+01 -1.481149864196777344e+01 -2.334222412109375000e+01 -7.683959484100341797e+00 2.047478294372558594e+01 2.754590034484863281e+01 -4.772476196289062500e+00
-1.310436964035034180e+00 -1.577339553833007812e+01 -3.756193923950195312e+01 -3.023327636718750000e+01 2.105224418640136719e+01 -1.260694122314453125e+01 -2.351645088195800781e+01
-2.530258178710937500e+01 -2.239064407348632812e+01 -5.450648117065429688e+01 2.402892684936523438e+01 -1.897270393371582031e+01 -2.013360214233398438e+01 5.770879268646240234e+00
9.887269020080566406e+00 -6.585747528076171875e+01 -1.485537624359130859e+01 -6.183565616607666016e+00 1.560015392303466797e+01 2.098069381713867188e+01 -1.246606159210205078e+01
1.449431324005126953e+01 1.159043884277343750e+01 -1.699168682098388672e+00 6.948850154876708984e+00 -8.685302734375000000e+00 6.781226158142089844e+00 3.054312467575073242e+00
-1.856157875061035156e+01 -4.202008819580078125e+01 -4.726964187622070312e+01 -7.339113354682922363e-01 -1.866437721252441406e+01 -1.230905628204345703e+01 -2.235061836242675781e+01
1.002437400817871094e+01 5.702030658721923828e-01 -1.482748985290527344e+01 1.155412077903747559e+00 8.193274497985839844e+00 3.481753921508789062e+01 -2.034787940979003906e+01
-4.678891658782958984e+00 -4.534380340576171875e+01 -5.169242858886718750e+01 -2.207701921463012695e+00 2.491769552230834961e+00 3.281553268432617188e+01 -4.112696075439453125e+01
2.272197723388671875e+00 -1.037294483184814453e+01 -1.929938888549804688e+01 1.628043746948242188e+01 -5.272058963775634766e+00 1.174242401123046875e+01 7.445731163024902344e+00
2.495628547668457031e+01 -2.776745223999023438e+01 -1.548935031890869141e+01 1.055745124816894531e+01 1.468806171417236328e+01 5.257878875732421875e+01 -6.754832267761230469e+00
-1.417693614959716797e+00 6.874309539794921875e+00 -2.466412162780761719e+01 -1.671841979026794434e+00 -2.601020812988281250e+01 -2.789426422119140625e+01 4.775294780731201172e+00
7.961179256439208984e+00 9.841077804565429688e+00 -1.399162578582763672e+01 -1.342157959938049316e+00 2.659170329570770264e-01 6.139472007751464844e+00 -2.351815223693847656e+00
5.698835849761962891e+00 1.063232707977294922e+01 -1.173826408386230469e+01 8.599503517150878906e+00 9.899296760559082031e+00 8.692589402198791504e-01 4.121720314025878906e+00
2.357266235351562500e+01 -2.088004493713378906e+01 -1.074196243286132812e+01 1.930172157287597656e+01 9.571170806884765625e-02 2.701815795898437500e+01 1.963130378723144531e+01
5.775902748107910156e+00 -7.323631763458251953e+00 3.411449790000915527e-01 3.484545230865478516e+00 -3.054593317210674286e-02 1.786385059356689453e+00 4.060359954833984375e+00
-6.788285255432128906e+00 -5.450876235961914062e+01 -2.831817245483398438e+01 -1.049124240875244141e+01 1.755297556519508362e-02 3.216977834701538086e+00 -2.637578582763671875e+01
6.832752227783203125e+00 2.027113914489746094e+01 -2.316475296020507812e+01 1.570142459869384766e+01 -2.557296371459960938e+01 9.090955853462219238e-01 1.499731302261352539e+00
4.561225891113281250e+00 -8.109316825866699219e+00 -2.700646591186523438e+01 4.008703613281250000e+01 -1.383493518829345703e+01 -5.496823787689208984e+00 3.676201248168945312e+01
