-1.012507152557373047e+01 3.447983026504516602e+00 9.381959915161132812e+00
9.494905471801757812e+00 -5.460137939453125000e+01 -1.741753959655761719e+01
2.464752769470214844e+01 2.352257537841796875e+01 3.691077804565429688e+01
8.222351074218750000e+01 8.620404243469238281e+00 2.665551376342773438e+01
2.000358581542968750e+00 -5.978320312500000000e+01 7.846939086914062500e+01
-1.657838225364685059e+00 7.008737182617187500e+01 2.758384323120117188e+01
9.170999908447265625e+01 -5.971614074707031250e+01 6.111033439636230469e+00
-3.100555610656738281e+01 -7.548408508300781250e+00 3.462734985351562500e+01
8.320751190185546875e+01 -2.767620563507080078e+00 -9.331014633178710938e+00
-2.557696151733398438e+01 -4.990304946899414062e+00 1.523667430877685547e+01
-1.446077251434326172e+01 1.316018486022949219e+01 4.817006301879882812e+01
2.080315780639648438e+01 5.445212554931640625e+01 2.570561599731445312e+01
5.280968856811523438e+01 2.191019821166992188e+01 1.230247020721435547e+00
4.610534667968750000e+01 -1.236854743957519531e+01 3.526301574707031250e+01
8.019400787353515625e+01 -1.194418621063232422e+01 -4.386283874511718750e+01
1.003059959411621094e+01 4.168393707275390625e+01 5.653783321380615234e+00
1.692092299461364746e+00 8.144207000732421875e+00 -8.424182891845703125e+00
-1.624154472351074219e+01 -1.871997451782226562e+01 5.571784019470214844e+00
2.635783386230468750e+01 -1.202073383331298828e+01 7.588928222656250000e+01
5.202761459350585938e+01 -4.911848449707031250e+01 3.442135620117187500e+01
