-1.877213096618652344e+01 -1.165558242797851562e+01 2.141023063659667969e+01 -1.413526439666748047e+01 -5.657616138458251953e+00 -6.459588527679443359e+00 -1.382977366447448730e+00 -8.583991527557373047e-01 8.744071960449218750e+00 -3.563126802444458008e+00
8.916628360748291016e-01 -5.040935993194580078e+00 1.322155833244323730e+00 -1.116234302520751953e+01 -8.980060815811157227e-01 -1.906193137168884277e+00 -2.633385658264160156e+00 9.622356414794921875e+00 -4.126566410064697266e+00 -9.984284400939941406e+00
-2.022159385681152344e+01 1.527293395996093750e+01 3.889843368530273438e+01 5.359155654907226562e+00 1.689761543273925781e+01 2.532177925109863281e+01 -3.753478240966796875e+01 2.213797187805175781e+01 2.048490333557128906e+01 -3.381337356567382812e+01
-5.320760250091552734e+00 -4.900611877441406250e+00 1.805174446105957031e+01 2.241443252563476562e+01 1.659964752197265625e+01 1.280663585662841797e+01 -9.300941467285156250e+00 3.792389631271362305e-01 9.008370637893676758e-01 -2.974049186706542969e+01
-2.002985954284667969e+01 -1.862112617492675781e+01 2.530672836303710938e+01 -4.663947296142578125e+01 5.334950447082519531e+00 -1.500551033020019531e+01 -5.555949807167053223e-01 1.618464660644531250e+01 -3.296412229537963867e-01 -2.654212236404418945e+00
-4.874913024902343750e+01 5.321395397186279297e+00 6.149938583374023438e+01 -1.351575183868408203e+01 6.768665313720703125e+00 1.319893074035644531e+01 1.033038616180419922e+01 2.465268516540527344e+01 2.267879676818847656e+01 -7.672598838806152344e+00
-5.820658206939697266e+00 -1.499154281616210938e+01 1.409912014007568359e+01 1.720356583595275879e+00 6.433712959289550781e+00 -1.070500612258911133e+00 -1.805166816711425781e+01 -7.803201198577880859e+00 4.630360126495361328e+00 -1.835272789001464844e+01
-5.102471160888671875e+01 -2.128905677795410156e+01 6.038731002807617188e+01 -4.754767990112304688e+01 1.066664600372314453e+01 -1.547281455993652344e+01 -3.029536008834838867e+00 3.224537372589111328e+00 2.109794998168945312e+01 8.865056037902832031e+00
-7.669941902160644531e+00 -2.546271800994873047e+00 1.769469833374023438e+01 1.179628658294677734e+01 1.703888702392578125e+01 8.350346565246582031e+00 4.332279682159423828e+00 1.203742027282714844e+01 -8.495862007141113281e+00 -3.143228912353515625e+01
-3.259534072875976562e+01 -2.214802551269531250e+01 3.661656188964843750e+01 -3.250845336914062500e+01 -6.656673908233642578e+00 -1.490971183776855469e+01 -4.131337165832519531e+00 -3.652527093887329102e+00 1.604942703247070312e+01 2.769573926925659180e+00
-3.206894683837890625e+01 -3.953924560546875000e+01 3.931466674804687500e+01 -3.560472106933593750e+01 -1.049010658264160156e+01 -2.721055412292480469e+01 -1.881782913208007812e+01 -6.852302074432373047e+00 9.839797019958496094e+00 -2.774127197265625000e+01
-2.315889739990234375e+01 1.399808406829833984e+01 4.122777175903320312e+01 6.414009094238281250e+00 2.066217613220214844e+01 2.283878898620605469e+01 -2.881526374816894531e+01 2.201203536987304688e+01 1.574591827392578125e+01 -3.512642288208007812e+01
-9.529618072509765625e+01 -9.476031303405761719e+00 1.356073608398437500e+02 -2.359954261779785156e+01 5.041512680053710938e+01 1.785686874389648438e+01 -2.950138092041015625e+01 3.406391906738281250e+01 3.577337646484375000e+01 -6.283971405029296875e+01
4.617703914642333984e+00 -9.436649322509765625e+00 4.019451141357421875e+00 1.344289493560791016e+01 3.098175287246704102e+00 7.404648303985595703e+00 -2.121775627136230469e+01 -7.123653411865234375e+00 5.935260772705078125e+00 -1.838196945190429688e+01
1.657616233825683594e+01 -1.317306613922119141e+01 -3.866417884826660156e+00 2.070257186889648438e+01 1.204751968383789062e+01 -8.046817779541015625e+00 -1.664438629150390625e+01 9.533491134643554688e+00 -1.270530605316162109e+01 -5.037768936157226562e+01
-2.296780395507812500e+01 1.514474773406982422e+01 2.933484840393066406e+01 3.038889169692993164e+00 7.288522720336914062e+00 1.442936229705810547e+01 1.072287559509277344e+01 2.126934051513671875e+01 7.294344425201416016e+00 -9.978215217590332031e+00
-6.121440410614013672e+00 2.153503656387329102e+00 7.738439083099365234e+00 -4.578433513641357422e+00 2.390723943710327148e+00 2.291207313537597656e+00 7.465595722198486328e+00 9.485610961914062500e+00 -8.610777258872985840e-01 -1.897231817245483398e+00
-1.985941886901855469e+01 -4.933233737945556641e+00 2.226728630065917969e+01 -2.153144836425781250e+01 6.022046089172363281e+00 -4.703109264373779297e+00 6.500839710235595703e+00 2.937237739562988281e+00 9.356666564941406250e+00 1.680807113647460938e+01
-5.475459671020507812e+01 -4.345765686035156250e+01 7.701907348632812500e+01 -5.784904479980468750e+01 5.236975479125976562e+01 -2.901612663269042969e+01 -2.221857261657714844e+01 3.099195241928100586e+00 -1.559281706809997559e+00 -3.357931137084960938e+01
-1.213122653961181641e+01 -1.008159732818603516e+01 2.283320617675781250e+01 -2.123699188232421875e+01 3.094589042663574219e+01 -7.323077201843261719e+00 -1.227752017974853516e+01 1.271776676177978516e+01 -1.147031307220458984e+01 -2.593945693969726562e+01
