1.049079704284667969e+01 1.725380516052246094e+01 -9.822054862976074219e+00 -1.208310008049011230e+00
2.496546173095703125e+01 6.590079784393310547e+00 2.705471992492675781e+01 1.040674114227294922e+01
-3.077382802963256836e+00 8.146258354187011719e+00 4.334686279296875000e+00 -3.659795284271240234e+00
-1.023020625114440918e+00 6.445334434509277344e+00 3.440295219421386719e+00 4.385126590728759766e+00
3.579532623291015625e+01 2.963981389999389648e+00 1.899042963981628418e+00 1.450506591796875000e+01
9.491090393066406250e+01 9.212979888916015625e+01 5.376714706420898438e+01 -3.363814163208007812e+01
-6.711375713348388672e+00 -4.297582626342773438e+00 -8.039904594421386719e+00 -3.367283582687377930e+00
8.712609863281250000e+01 -9.728953242301940918e-01 2.695376777648925781e+01 2.697865867614746094e+01
-6.091407299041748047e+00 -1.914607405662536621e+00 3.581640481948852539e+00 -2.133698701858520508e+00
7.588563919067382812e+00 -2.205947875976562500e+00 -8.570945739746093750e+00 4.235748767852783203e+00
2.330771827697753906e+01 1.666364860534667969e+01 -5.102530956268310547e+00 9.960978507995605469e+00
-4.136159896850585938e+00 3.431116819381713867e+00 -2.491908550262451172e+00 -1.832908248901367188e+01
1.691545677185058594e+01 2.598637008666992188e+01 3.323635101318359375e+01 -9.967290878295898438e+00
-9.640004158020019531e+00 -1.645311713218688965e-01 -7.248608112335205078e+00 4.005845189094543457e-01
-6.335297107696533203e+00 -6.285910606384277344e+00 -2.370381593704223633e+00 -9.970135688781738281e-01
1.625334167480468750e+01 1.892675399780273438e+01 1.535251379013061523e+00 -1.749152755737304688e+01
1.136867809295654297e+01 5.051913261413574219e+00 9.131547927856445312e+00 -1.191410636901855469e+01
6.109249496459960938e+01 2.718408584594726562e+01 1.916991424560546875e+01 -4.147877693176269531e-01
2.843973731994628906e+01 1.311835384368896484e+01 5.859846115112304688e+00 2.528147697448730469e+01
1.542535495758056641e+01 -1.195281505584716797e+01 1.274744892120361328e+01 1.713237380981445312e+01
