1.246531295776367188e+01 4.985358238220214844e+00 1.402962779998779297e+01 -3.377389669418334961e+00 -3.177473306655883789e+00 -1.812596130371093750e+01 -6.532897949218750000e+00 2.531786859035491943e-01 -6.216341018676757812e+00 -1.300144195556640625e+01 3.337232470512390137e-01 4.454920291900634766e+00 -2.122371101379394531e+01 -1.032932472229003906e+01 -1.304947733879089355e-01 8.868216514587402344e+00 2.899734258651733398e+00 -1.414107799530029297e+01
5.826907753944396973e-01 1.746193885803222656e+01 4.452481269836425781e+00 9.814790725708007812e+00 -2.868304014205932617e+00 -6.304424285888671875e+00 1.373811721801757812e+01 -5.731100559234619141e+00 -6.022562026977539062e+00 8.588583946228027344e+00 8.524971008300781250e+00 1.011091041564941406e+01 -8.266135215759277344e+00 2.566276073455810547e+00 -8.557753562927246094e+00 2.082321643829345703e+00 -1.951056122779846191e+00 -9.596277236938476562e+00
-4.060897350311279297e+00 1.146471691131591797e+01 7.250390529632568359e+00 -9.697681665420532227e-01 -3.048359155654907227e-01 -1.536971473693847656e+01 -6.499549388885498047e+00 3.450427770614624023e+00 5.294324874877929688e+00 -5.647437095642089844e+00 1.716655969619750977e+00 -5.579839706420898438e+00 -2.659900188446044922e+00 9.795151710510253906e+00 -2.752003192901611328e+00 1.818654179573059082e+00 -4.063181400299072266e+00 -7.769429206848144531e+00
7.984750747680664062e+00 2.998162031173706055e+00 1.768013381958007812e+01 -4.615382194519042969e+00 6.299651622772216797e+00 -2.088964462280273438e+01 -1.159463214874267578e+01 1.211354637145996094e+01 -3.188397884368896484e+00 -1.373077487945556641e+01 -1.470929980278015137e-01 -4.689033985137939453e+00 -9.756827354431152344e+00 -3.377263307571411133e+00 7.057814002037048340e-01 7.729101181030273438e-01 -2.477565526962280273e+00 -1.162860679626464844e+01
5.449301719665527344e+00 -1.735866546630859375e+01 1.987636685371398926e+00 -1.458575367927551270e+00 -1.242324924468994141e+01 -4.579694271087646484e+00 9.492735266685485840e-01 1.205230903625488281e+01 -4.676047801971435547e+00 1.246968060731887817e-01 7.684039115905761719e+00 1.575819969177246094e+01 -8.526156425476074219e+00 -2.670026540756225586e+00 -6.308958053588867188e+00 -2.039026975631713867e+00 -1.117778587341308594e+01 -1.317456626892089844e+01
1.181107640266418457e+00 -3.361776113510131836e+00 -1.314525961875915527e+00 -8.194586753845214844e+00 -6.743488788604736328e+00 -2.708966732025146484e+00 -3.199559450149536133e+00 -1.061405372619628906e+01 -2.470216751098632812e+00 -3.925674200057983398e+00 -1.659184694290161133e+00 3.910762071609497070e-01 -1.036568260192871094e+01 -5.815743923187255859e+00 -1.022216320037841797e+00 7.605978012084960938e+00 8.779670715332031250e+00 3.296774625778198242e+00
3.962255641818046570e-02 1.374613881111145020e+00 1.128782081604003906e+01 2.473871231079101562e+00 6.683102250099182129e-01 -1.291338634490966797e+01 3.331577301025390625e+00 7.852839946746826172e+00 -7.223062515258789062e+00 4.434173405170440674e-01 6.373493194580078125e+00 6.852372169494628906e+00 -4.944810867309570312e+00 1.466690301895141602e+00 -6.079398155212402344e+00 -3.480065584182739258e+00 -3.186393260955810547e+00 -9.144263267517089844e+00
2.957623958587646484e+00 -1.624938964843750000e+01 5.524906516075134277e-01 5.554795265197753906e+00 -1.485415744781494141e+01 -1.563107609748840332e+00 -2.691079139709472656e+00 1.026036834716796875e+01 6.176895499229431152e-01 -5.596529483795166016e+00 9.689455032348632812e-01 1.687016105651855469e+01 -5.906625270843505859e+00 -1.081580162048339844e+00 1.626667976379394531e+00 -1.064576625823974609e+00 -6.355556964874267578e+00 -1.425344753265380859e+01
-2.718261778354644775e-01 1.212347316741943359e+01 9.909727096557617188e+00 -5.875607967376708984e+00 7.135167121887207031e+00 -1.257814502716064453e+01 -2.578557729721069336e+00 3.254227161407470703e+00 7.688066482543945312e+00 -1.116509342193603516e+01 4.297885596752166748e-01 -2.671179473400115967e-01 1.758791327476501465e+00 9.287865161895751953e-01 6.453325271606445312e+00 9.528743743896484375e+00 -4.408984184265136719e+00 -6.603198528289794922e+00
7.542111396789550781e+00 -4.768916130065917969e+00 2.263008356094360352e+00 9.851996421813964844e+00 -1.478613948822021484e+01 -2.950151681900024414e+00 1.029631614685058594e+00 4.529714107513427734e+00 -3.227468430995941162e-01 -5.744060039520263672e+00 1.369684576988220215e+00 1.915841293334960938e+01 -1.207199287414550781e+01 -3.986387252807617188e+00 2.031609773635864258e+00 3.794751882553100586e+00 -4.988892555236816406e+00 -1.869719886779785156e+01
1.368295860290527344e+01 -6.947374343872070312e+00 1.106444549560546875e+01 -2.539220154285430908e-01 -1.976895332336425781e+00 -9.423608779907226562e+00 3.212963819503784180e+00 9.721036911010742188e+00 -1.230678272247314453e+01 -1.829708099365234375e+00 6.934279918670654297e+00 1.288721561431884766e+01 -1.455765247344970703e+01 -1.152644538879394531e+01 -5.052299976348876953e+00 -2.410874962806701660e-01 -5.776765346527099609e+00 -1.385658836364746094e+01
-6.848208427429199219e+00 2.183092594146728516e+00 -4.406217038631439209e-01 -7.420496463775634766e+00 -5.300172328948974609e+00 -5.296722412109375000e+00 -4.351412773132324219e+00 -8.342514991760253906e+00 7.681003570556640625e+00 -8.767306327819824219e+00 -3.114389181137084961e+00 9.410846233367919922e-01 -1.070983767509460449e+00 2.078923463821411133e+00 4.852016925811767578e+00 1.052340030670166016e+01 5.686927795410156250e+00 1.620906591415405273e+00
-1.604907608032226562e+01 1.256574344635009766e+01 4.921132564544677734e+00 1.856809997558593750e+01 -6.521123886108398438e+00 -8.359540939331054688e+00 1.143953800201416016e+01 2.238997220993041992e-01 -1.146383523941040039e+00 8.344299316406250000e+00 5.939540863037109375e+00 1.202687263488769531e+01 3.838686227798461914e+00 1.737668037414550781e+01 -6.923158645629882812e+00 -6.927875041961669922e+00 5.452027320861816406e-01 -8.854453086853027344e+00
-3.434217214584350586e+00 6.254032611846923828e+00 4.108504295349121094e+00 2.194709300994873047e+00 7.961457967758178711e-01 -5.690322399139404297e+00 1.564352989196777344e+00 1.080904483795166016e+00 1.950947284698486328e+00 -1.565192461013793945e+00 1.425961613655090332e+00 2.366554021835327148e+00 1.240289449691772461e+00 3.992726802825927734e+00 3.572987020015716553e-01 1.310706138610839844e+00 -1.193644046783447266e+00 -3.912504911422729492e+00
-4.620658874511718750e+00 6.286385536193847656e+00 -2.002863883972167969e+00 1.871250569820404053e-01 2.059209585189819336e+00 4.370077133178710938e+00 6.733919620513916016e+00 -4.131237983703613281e+00 8.619579315185546875e+00 -2.697383880615234375e+00 -7.473813295364379883e-01 7.648241996765136719e+00 8.833728790283203125e+00 3.749063014984130859e-01 8.746281623840332031e+00 8.535328865051269531e+00 -1.226651072502136230e+00 4.183592498302459717e-01
-3.327473878860473633e+00 8.425797820091247559e-01 4.339454174041748047e+00 -3.822700977325439453e+00 -3.537536382675170898e+00 -9.760476112365722656e+00 -5.343919277191162109e+00 -2.220921993255615234e+00 5.997997522354125977e-02 -5.420390129089355469e+00 -7.052316665649414062e-01 -1.539165139198303223e+00 -5.462553501129150391e+00 2.261925220489501953e+00 -1.406794428825378418e+00 2.770231485366821289e+00 4.416107654571533203e+00 -1.512188434600830078e+00
-2.686020135879516602e+00 7.372354865074157715e-01 2.176529884338378906e+00 3.422378003597259521e-01 -3.966166496276855469e+00 -4.589991569519042969e+00 9.756647944450378418e-01 -4.072322368621826172e+00 -2.804362535476684570e+00 -4.134178459644317627e-01 7.373860478401184082e-01 3.256475925445556641e+00 -4.715524196624755859e+00 5.072139501571655273e-01 -2.283163309097290039e+00 1.476387023925781250e+00 4.810826301574707031e+00 -9.114323258399963379e-01
2.338303178548812866e-01 -8.486700057983398438e+00 2.651514291763305664e+00 1.237567138671875000e+01 -1.237405395507812500e+01 -2.399432420730590820e+00 -1.019257640838623047e+01 7.528773307800292969e+00 7.622576236724853516e+00 -1.549319458007812500e+01 -8.762634277343750000e+00 1.172759342193603516e+01 -2.817653179168701172e+00 1.224321246147155762e+00 1.235218620300292969e+01 1.049046754837036133e+00 1.476864814758300781e+00 -1.445033264160156250e+01
8.999435424804687500e+00 1.611626267433166504e+00 3.203294754028320312e+00 -1.455534100532531738e-01 -7.258487224578857422e+00 -5.981201648712158203e+00 1.038479328155517578e+01 1.711217284202575684e+00 -8.687912940979003906e+00 7.153047084808349609e+00 1.214405918121337891e+01 1.369113254547119141e+01 -1.389865303039550781e+01 -4.695832252502441406e+00 -1.151612663269042969e+01 2.795066833496093750e+00 -9.895702362060546875e+00 -1.261629295349121094e+01
-1.094312858581542969e+01 -8.414189815521240234e-01 4.556054592132568359e+00 1.791466522216796875e+01 -1.528040409088134766e+01 -8.432705879211425781e+00 8.333932876586914062e+00 7.459445953369140625e+00 -1.350630998611450195e+00 4.178718090057373047e+00 6.795595169067382812e+00 2.133151626586914062e+01 -1.274241089820861816e+00 1.348604965209960938e+01 -6.074733257293701172e+00 -6.627686023712158203e+00 -4.821168899536132812e+00 -1.685163688659667969e+01
