6.945713043212890625e+00 1.853724861145019531e+01 -2.077004241943359375e+01 1.444942760467529297e+01 8.839313983917236328e-01 2.036933898925781250e+01 2.359053802490234375e+01 7.267623901367187500e+00 2.504538536071777344e+00 2.321151542663574219e+01 1.761201286315917969e+01
5.650399327278137207e-01 1.112203407287597656e+01 -8.796167373657226562e+00 -8.601403236389160156e+00 2.906824588775634766e+00 1.093592166900634766e+01 1.156584548950195312e+01 1.187498807907104492e+00 1.052531433105468750e+01 -1.139606571197509766e+01 -1.969060003757476807e-01
1.601736068725585938e+01 3.439516448974609375e+01 -5.326268005371093750e+01 -2.203467559814453125e+01 -1.010225582122802734e+01 4.879560470581054688e+01 6.223197937011718750e+01 4.796986103057861328e+00 7.061482906341552734e+00 -5.107910156250000000e+00 1.415433502197265625e+01
6.698007106781005859e+00 1.624337768554687500e+01 -2.720280456542968750e+01 -8.910555839538574219e+00 -1.103635025024414062e+01 1.931037139892578125e+01 2.231415176391601562e+01 1.369029998779296875e+01 -9.658517837524414062e+00 2.504009246826171875e+01 1.366130924224853516e+01
2.607458496093750000e+01 1.422087860107421875e+01 -6.618448734283447266e+00 -2.622802925109863281e+01 9.647706985473632812e+00 2.929162979125976562e+01 3.846595001220703125e+01 2.622180461883544922e+00 -7.319045662879943848e-01 -1.762955284118652344e+01 1.720533847808837891e+00
1.097214889526367188e+01 9.210000038146972656e+00 -2.916484260559082031e+01 1.329204940795898438e+01 1.404428482055664062e+00 3.001017951965332031e+01 3.682783508300781250e+01 -5.392745494842529297e+00 1.695672798156738281e+01 2.400718688964843750e+00 2.809544563293457031e+00
1.081747913360595703e+01 2.701718568801879883e+00 -2.227894973754882812e+01 -2.410274696350097656e+01 1.419349789619445801e+00 2.541888236999511719e+01 2.215418052673339844e+01 1.461557102203369141e+01 5.374204635620117188e+00 -5.770407676696777344e+00 9.467451572418212891e-01
1.544987392425537109e+01 -4.715298652648925781e+00 9.887976646423339844e+00 -2.269768953323364258e+00 5.799494743347167969e+00 3.231750965118408203e+00 1.126569080352783203e+01 -5.509134769439697266e+00 -9.962268829345703125e+00 -7.602103233337402344e+00 -2.267048597335815430e+00
2.565821075439453125e+01 5.823692321777343750e+00 -6.162160873413085938e+01 -2.656692504882812500e+01 -2.981267547607421875e+01 4.786176681518554688e+01 4.925891113281250000e+01 1.272330474853515625e+01 -1.319028663635253906e+01 3.869366073608398438e+01 2.307002449035644531e+01
2.315681076049804688e+01 6.979892253875732422e+00 -1.092828178405761719e+01 -1.167337512969970703e+01 -3.076436758041381836e+00 2.037484169006347656e+01 3.159716987609863281e+01 5.365583419799804688e+00 -2.023029899597167969e+01 1.235454082489013672e+01 9.720807075500488281e+00
7.762234210968017578e+00 -9.388445615768432617e-01 3.429030179977416992e+00 -1.526882648468017578e+01 3.373488426208496094e+00 6.554886817932128906e+00 1.768481612205505371e+00 7.746097564697265625e+00 -1.495616793632507324e+00 3.105793237686157227e+00 1.393699884414672852e+00
4.069805145263671875e+01 -2.357341051101684570e+00 -6.669004058837890625e+01 -1.750420188903808594e+01 -2.666082954406738281e+01 4.866757965087890625e+01 5.183401870727539062e+01 2.294716835021972656e+00 -4.116835594177246094e+00 2.752831459045410156e+01 7.962870597839355469e+00
-1.391096711158752441e+00 2.903763771057128906e+01 -4.651738739013671875e+01 -4.388816452026367188e+01 -2.371345710754394531e+01 7.207656860351562500e+01 4.284177398681640625e+01 -3.736310195922851562e+01 5.811440277099609375e+01 -3.696525573730468750e+01 -2.648978805541992188e+01
4.131360650062561035e-01 2.847924470901489258e+00 -9.170114517211914062e+00 -7.703692436218261719e+00 -5.569623470306396484e+00 8.227889060974121094e+00 7.784424781799316406e+00 5.810443878173828125e+00 -4.884284019470214844e+00 9.587976455688476562e+00 7.974735260009765625e+00
4.167670440673828125e+01 -7.391917228698730469e+00 -5.796236038208007812e+01 -6.662251281738281250e+01 -6.075205802917480469e+00 7.066130828857421875e+01 6.558089447021484375e+01 3.730937957763671875e+01 -8.896088600158691406e+00 4.550051212310791016e+00 1.172066402435302734e+01
1.611682510375976562e+01 8.079428672790527344e+00 -2.824914550781250000e+01 -2.843652248382568359e+00 -9.452751159667968750e+00 2.574305343627929688e+01 1.801716804504394531e+01 -9.364378929138183594e+00 1.671553421020507812e+01 4.956035614013671875e+00 -7.825790882110595703e+00
1.085398197174072266e+01 -5.328657031059265137e-01 -1.094093036651611328e+01 5.409006118774414062e+00 -5.900269508361816406e+00 9.172085762023925781e+00 7.337721347808837891e+00 -1.074736595153808594e+01 4.658565998077392578e+00 2.524722099304199219e+00 -5.748281955718994141e+00
1.214963340759277344e+01 4.282805621623992920e-01 -6.873325824737548828e+00 8.052783966064453125e+00 -2.190674543380737305e+00 4.063834190368652344e+00 1.273729038238525391e+01 -5.872736454010009766e+00 -6.799998760223388672e+00 2.370594739913940430e+00 -1.720042824745178223e+00
1.443019390106201172e+01 -6.100615501403808594e+00 2.055675315856933594e+01 -1.806555557250976562e+01 1.506069278717041016e+01 2.876097559928894043e-01 -8.316999435424804688e+00 6.296988964080810547e+00 4.508521556854248047e+00 -8.480802536010742188e+00 -9.338480949401855469e+00
3.973943328857421875e+01 -1.657945060729980469e+01 -8.205276489257812500e+00 -1.735820770263671875e+01 5.554775238037109375e+00 1.971844291687011719e+01 1.435445213317871094e+01 -8.824584007263183594e+00 1.395999526977539062e+01 -1.451367664337158203e+01 -1.797844696044921875e+01
