-7.923875331878662109e+00 6.454240322113037109e+00 1.395320129394531250e+01 1.937935447692871094e+01 -9.183640480041503906e+00 -9.145136833190917969e+00 -6.978470802307128906e+00 -1.128206634521484375e+01
1.471983337402343750e+01 -1.330104064941406250e+01 1.292378234863281250e+01 2.094378089904785156e+01 -1.796054720878601074e+00 -1.766965675354003906e+01 1.280589962005615234e+01 4.194951534271240234e+00
-1.245591831207275391e+01 -1.569742560386657715e+00 1.278358650207519531e+01 5.709005832672119141e+00 1.143048286437988281e+01 -1.507475852966308594e+00 -7.588901042938232422e+00 -2.726495361328125000e+01
-4.803023338317871094e+00 -7.751073837280273438e+00 2.724159240722656250e+00 -2.278690338134765625e+01 7.875216960906982422e+00 -2.041179275512695312e+01 2.893615007400512695e+00 -2.444458770751953125e+01
7.587939262390136719e+00 -2.949755430221557617e+00 1.863913154602050781e+01 5.860782861709594727e-01 6.088356494903564453e+00 -4.683082923293113708e-02 1.623850440979003906e+01 9.111596107482910156e+00
7.453216314315795898e-01 -6.730288982391357422e+00 8.681196212768554688e+00 4.661114883422851562e+01 1.161845922470092773e+00 6.250381469726562500e+00 -4.084263324737548828e+00 -1.010548114776611328e+01
7.735005855560302734e+00 -1.658182978630065918e+00 8.983267843723297119e-02 -3.440351486206054688e+00 -1.171383783221244812e-01 -9.542499542236328125e+00 2.926319599151611328e+00 -2.344147205352783203e+00
6.753683090209960938e+00 -9.649848937988281250e+00 2.087628936767578125e+01 1.620183181762695312e+01 5.930979728698730469e+00 4.541288852691650391e+00 1.090785980224609375e+01 1.025925254821777344e+01
-8.646066665649414062e+00 8.177359580993652344e+00 -8.572647094726562500e+00 2.823482036590576172e+00 -6.859540939331054688e+00 -1.553667163848876953e+01 -1.685894584655761719e+01 -2.412422180175781250e+01
2.491136312484741211e+00 -5.982831716537475586e-01 1.897260284423828125e+01 5.075638771057128906e+00 -8.727942466735839844e+00 -1.125562572479248047e+01 1.236275672912597656e+01 6.542621135711669922e+00
6.575253009796142578e-01 5.749596118927001953e+00 1.127996635437011719e+01 7.050907611846923828e-01 -4.099238872528076172e+00 -4.628768444061279297e+00 4.059407711029052734e+00 2.301443219184875488e-01
9.511471748352050781e+00 -1.133534908294677734e+01 2.139081954956054688e+00 3.142033100128173828e+00 1.345701217651367188e+01 -6.965282917022705078e+00 7.348742008209228516e+00 -1.720730972290039062e+01
-2.938352203369140625e+01 -2.330565452575683594e+00 3.808749008178710938e+01 2.742098808288574219e+01 -4.591386318206787109e-01 -1.250258922576904297e+01 -1.373120689392089844e+01 -2.262947463989257812e+01
-1.028433704376220703e+01 1.189234066009521484e+01 7.634958267211914062e+00 1.721370124816894531e+01 -1.768634080886840820e+00 -1.234394359588623047e+01 -1.982036399841308594e+01 -2.697402381896972656e+01
-1.058872699737548828e+01 1.449977779388427734e+01 5.032609939575195312e+00 3.771721839904785156e+00 -1.487983703613281250e+01 -1.313064289093017578e+01 -1.050718975067138672e+01 -1.538544940948486328e+01
-6.067205905914306641e+00 -4.993212699890136719e+00 4.335962295532226562e+00 2.455069923400878906e+01 1.554162406921386719e+01 1.041917896270751953e+01 -7.151263236999511719e+00 -2.758130645751953125e+01
9.745284080505371094e+00 5.165770053863525391e+00 1.320981025695800781e+01 2.395456123352050781e+01 5.107634067535400391e+00 -6.207665443420410156e+00 -5.907667160034179688e+00 -1.242255687713623047e+01
1.890297412872314453e+00 -1.247789382934570312e+01 1.664987754821777344e+01 1.227508926391601562e+01 8.073803186416625977e-01 -4.257757663726806641e+00 1.554069519042968750e+01 1.158584403991699219e+01
-6.760038375854492188e+00 4.703338623046875000e+00 1.308126068115234375e+01 -1.149587631225585938e+01 -2.118382930755615234e+00 1.958859413862228394e-01 7.939002513885498047e+00 -4.523493766784667969e+00
-1.052699565887451172e+00 -1.076836109161376953e+01 9.223557472229003906e+00 -5.124807834625244141e+00 1.293170452117919922e+01 6.128010272979736328e+00 9.065837860107421875e+00 -3.203961610794067383e+00
