-6.254829406738281250e+01 -1.618172836303710938e+01 -7.124116420745849609e+00 -2.335916900634765625e+01 -2.193005180358886719e+01 1.382809400558471680e+00 1.369460487365722656e+01 2.233879470825195312e+01 -2.267969894409179688e+01 -5.157107353210449219e+00 -5.853740692138671875e+00 2.585775256156921387e-01
-1.266995716094970703e+01 -1.228586673736572266e+01 -1.118502044677734375e+01 1.731878471374511719e+01 3.312010765075683594e-01 -2.592245864868164062e+01 -5.682448387145996094e+00 -3.964429795742034912e-01 -1.095405578613281250e+01 -8.797798156738281250e+00 -3.171082735061645508e+00 -7.030760765075683594e+00
-1.975576019287109375e+01 -7.530070304870605469e+00 -2.368179893493652344e+01 -2.855143547058105469e+00 7.115218639373779297e+00 -9.694273948669433594e+00 3.706037282943725586e+00 2.211445999145507812e+01 -8.374431610107421875e+00 6.444451808929443359e-01 -1.498864746093750000e+01 -7.775686740875244141e+00
-4.763021850585937500e+01 7.062534332275390625e+00 -6.872405529022216797e+00 -1.475619029998779297e+01 -1.244422531127929688e+01 -7.512537837028503418e-01 6.717178225517272949e-01 2.751288032531738281e+01 -2.446867561340332031e+01 9.813868999481201172e-01 -3.086137771606445312e+00 -7.759942531585693359e+00
-9.788969993591308594e+00 -2.810582733154296875e+01 -2.697999572753906250e+01 2.575997829437255859e+00 5.162637233734130859e+00 -1.927339363098144531e+01 6.642596244812011719e+00 -1.046972942352294922e+01 6.505675792694091797e+00 -1.135553455352783203e+01 -8.464072227478027344e+00 -1.122849702835083008e+00
-6.964125156402587891e+00 -2.659499359130859375e+01 1.294015026092529297e+01 -5.842466354370117188e+00 -1.256492519378662109e+01 -1.990625953674316406e+01 4.142097949981689453e+00 7.454273223876953125e+00 -3.237776279449462891e+00 -4.851510524749755859e+00 -2.566561508178710938e+01 -1.490733981132507324e+00
-2.518867850303649902e-01 2.410679578781127930e+00 -1.963464736938476562e+00 -1.577237606048583984e+00 7.441304922103881836e-01 -3.381394147872924805e-01 -1.134128689765930176e+00 -2.395378112792968750e+00 2.901362895965576172e+00 -8.882404565811157227e-01 1.105106711387634277e+00 -6.407091617584228516e-01
-9.217307090759277344e+00 -1.280877876281738281e+01 -1.270706844329833984e+01 1.359940528869628906e+01 7.188966274261474609e+00 -5.663329124450683594e+00 5.865969061851501465e-01 -5.433540344238281250e+00 9.867664337158203125e+00 -1.700274276733398438e+01 1.345667481422424316e+00 4.318229675292968750e+00
-9.902140617370605469e+00 -1.141564369201660156e+01 3.472479820251464844e+00 -5.613115310668945312e+00 -1.088676571846008301e+00 5.912940979003906250e+00 1.063768863677978516e+01 1.194958686828613281e+01 6.874675273895263672e+00 -2.507065296173095703e+00 -9.934431076049804688e+00 5.453033924102783203e+00
-1.218670654296875000e+01 -4.161805629730224609e+00 -8.831805229187011719e+00 -7.161188125610351562e+00 1.727349638938903809e+00 9.889251708984375000e+00 5.708274841308593750e+00 -1.243186473846435547e+00 9.962432861328125000e+00 -8.055984497070312500e+00 1.916904807090759277e+00 5.771433353424072266e+00
-1.741462135314941406e+01 -1.522137075662612915e-01 4.315029621124267578e+00 2.030895614624023438e+01 -3.351647853851318359e+00 -3.658723235130310059e-01 -6.761740684509277344e+00 -1.119120240211486816e+00 -8.601388931274414062e+00 -1.534214687347412109e+01 1.305319881439208984e+01 4.744555950164794922e+00
3.123803615570068359e+00 -1.312436676025390625e+01 -1.186433887481689453e+01 5.300459265708923340e-01 9.000547409057617188e+00 -4.590333938598632812e+00 6.867441177368164062e+00 7.487521648406982422e+00 7.347692489624023438e+00 -6.854389607906341553e-02 -1.340516662597656250e+01 -2.147282063961029053e-01
-2.304280281066894531e+01 -4.485266494750976562e+01 1.232264328002929688e+01 -8.646102905273437500e+00 -1.543542861938476562e+01 -4.003946304321289062e+01 1.927367973327636719e+01 1.663611221313476562e+01 5.662945747375488281e+00 -2.054981470108032227e+00 -3.909473800659179688e+01 -6.070297241210937500e+00
-8.866119384765625000e-02 -1.238443136215209961e+00 1.462439179420471191e+00 5.503839015960693359e+00 4.506020069122314453e+00 8.066844940185546875e+00 2.084725618362426758e+00 4.895627498626708984e+00 5.589321613311767578e+00 -4.466859340667724609e+00 1.709760725498199463e-02 5.324802875518798828e+00
-1.153548145294189453e+01 2.336166620254516602e+00 -4.721105575561523438e+00 -9.327495098114013672e-01 3.363962173461914062e+00 1.097501182556152344e+01 2.642542123794555664e+00 1.228013801574707031e+01 -3.501906096935272217e-01 -3.003847599029541016e+00 -3.162265419960021973e-01 3.224917888641357422e+00
1.533011078834533691e+00 -1.160884857177734375e+01 -1.105259895324707031e+00 -4.239315032958984375e+00 -1.643857121467590332e+00 -3.488303899765014648e+00 -1.422472715377807617e+00 6.008588314056396484e+00 -5.103060722351074219e+00 -3.136987686157226562e+00 -1.507461738586425781e+01 3.700914606451988220e-02
7.997863292694091797e+00 -1.265291309356689453e+01 2.622658729553222656e+00 1.459073185920715332e+00 5.241975784301757812e-01 -3.217679738998413086e+00 -1.188418388366699219e+00 2.070832490921020508e+00 5.732728838920593262e-01 -4.896799087524414062e+00 -1.320690250396728516e+01 2.373987674713134766e+00
-5.728760719299316406e+00 -1.592581272125244141e+01 -4.271770477294921875e+00 -4.896909296512603760e-01 3.276377677917480469e+00 -5.292153358459472656e+00 7.833557128906250000e+00 -3.870387375354766846e-01 1.691170692443847656e+01 -9.543794631958007812e+00 -9.445343971252441406e+00 3.655519962310791016e+00
-2.805633735656738281e+01 5.835608482360839844e+00 -9.882105827331542969e+00 1.310758113861083984e+01 -8.620059967041015625e+00 -2.291890525817871094e+01 -1.618433189392089844e+01 -1.468816089630126953e+01 -1.487606334686279297e+01 -1.593904685974121094e+01 1.682655715942382812e+01 -8.555223464965820312e+00
-7.449058532714843750e+00 -9.317510604858398438e+00 -2.333769989013671875e+01 5.867772579193115234e+00 7.261559486389160156e+00 -2.484459304809570312e+01 -4.306922912597656250e+00 -1.015589809417724609e+01 8.305221557617187500e+00 -1.113275718688964844e+01 -4.462872982025146484e+00 -8.040455818176269531e+00
